6 0.101 0.23125 0.10500000000000001 0.20425 0.098 0.18725 0.08149999999999999 0.17375000000000002 0.0445 0.17275000000000001 0.033 0.18325 0.040999999999999995 0.19125 0.038 0.19924999999999998 0.028999999999999998 0.20625 0.038 0.21825 0.028999999999999998 0.22425 0.023 0.23625 0.014000000000000002 0.42525 0.016 0.43425 0.027500000000000004 0.44175000000000003 0.052500000000000005 0.44675000000000004 0.08399999999999999 0.44725000000000004 0.0985 0.44475 0.10400000000000001 0.43825000000000003 0.1 0.42625 0.10200000000000001 0.29725 0.10400000000000001 0.26825 0.11000000000000001 0.25425 0.10800000000000001 0.23825 0.101 0.23125
6 0.1325 0.22174999999999997 0.123 0.23025 0.121 0.25325000000000003 0.10700000000000001 0.26325 0.10400000000000001 0.27525 0.101 0.42725 0.1055 0.43375 0.1165 0.43775000000000003 0.162 0.44025 0.176 0.43425 0.173 0.42925 0.176 0.41825 0.176 0.27325 0.16499999999999998 0.25925 0.162 0.23025 0.14750000000000002 0.23174999999999998 0.1325 0.22174999999999997
6 0.2045 0.21575000000000003 0.196 0.22225 0.192 0.25125000000000003 0.176 0.26525 0.175 0.43025 0.1815 0.43674999999999997 0.1975 0.44075 0.233 0.44125 0.253 0.43425 0.24900000000000003 0.42325 0.25 0.27225 0.236 0.25025 0.23199999999999998 0.22225 0.2245 0.21974999999999997 0.2145 0.22475 0.2045 0.21575000000000003
6 0.2685 0.15475 0.257 0.16425 0.266 0.16725 0.27 0.19824999999999998 0.251 0.22225 0.254 0.39325 0.25 0.42024999999999996 0.2545 0.42675 0.26549999999999996 0.43075 0.303 0.43324999999999997 0.3205 0.43075 0.331 0.42225 0.32999999999999996 0.22825 0.322 0.21125 0.323 0.18425 0.315 0.17024999999999998 0.3005 0.15975 0.2685 0.15475
6 0.43600000000000005 0.39725 0.44349999999999995 0.41775 0.4495 0.42175 0.46799999999999997 0.42225 0.47300000000000003 0.41925 0.47400000000000003 0.40325 0.47000000000000003 0.26225 0.46349999999999997 0.25275 0.4535 0.24975 0.4415 0.25375000000000003 0.434 0.26525 0.43600000000000005 0.39725
6 0.483 0.20625 0.48200000000000004 0.21525 0.46900000000000003 0.22925 0.47400000000000003 0.40725 0.476 0.41525 0.48550000000000004 0.42175 0.519 0.42424999999999996 0.5475 0.41775 0.5549999999999999 0.40824999999999995 0.548 0.22925 0.546 0.22225 0.534 0.21325 0.5255 0.19875 0.5025000000000001 0.19475 0.483 0.20625
6 0.6900000000000001 0.42325 0.6945 0.43075 0.7005 0.43274999999999997 0.735 0.43324999999999997 0.7495 0.43075 0.757 0.42424999999999996 0.755 0.17825 0.7434999999999999 0.16675 0.7275 0.16475 0.7015 0.17275000000000001 0.693 0.18425 0.6900000000000001 0.42325
6 0.756 0.43224999999999997 0.7685 0.43875000000000003 0.79 0.43925000000000003 0.8154999999999999 0.43475 0.8220000000000001 0.42725 0.8160000000000001 0.18925 0.8119999999999999 0.17825 0.8005000000000001 0.17375000000000002 0.7735000000000001 0.17675000000000002 0.756 0.19025 0.756 0.43224999999999997
6 0.819 0.27125 0.8240000000000001 0.27325 0.8345 0.26975 0.857 0.27025 0.8539999999999999 0.17525 0.8455 0.16575 0.8265 0.16675 0.8119999999999999 0.17525 0.817 0.19424999999999998 0.819 0.27125
6 0.8210000000000001 0.43624999999999997 0.8265 0.43975 0.844 0.43925000000000003 0.8564999999999999 0.43775000000000003 0.8630000000000001 0.43125 0.86 0.27825 0.8535 0.27075 0.8375 0.26975 0.82 0.27625 0.82 0.41224999999999995 0.8210000000000001 0.43624999999999997
6 0.857 0.19125 0.8640000000000001 0.43125 0.89 0.43525 0.9155 0.43174999999999997 0.923 0.42625 0.915 0.18525 0.913 0.17925 0.9035 0.17275000000000001 0.8755000000000001 0.17575000000000002 0.8625 0.18275 0.857 0.19125
6 0.9345000000000001 0.20775000000000002 0.9179999999999999 0.22125 0.924 0.42024999999999996 0.9275 0.43075 0.9470000000000001 0.43324999999999997 0.9814999999999999 0.42975 0.9925 0.42474999999999996 0.9970000000000001 0.41825 0.985 0.21925 0.982 0.20825 0.9695 0.20274999999999999 0.9515 0.20274999999999999 0.9345000000000001 0.20775000000000002
6 0.5945 0.5507500000000001 0.5900000000000001 0.55925 0.592 0.82725 0.5940000000000001 0.8342499999999999 0.6045 0.8407500000000001 0.638 0.8452500000000001 0.6615 0.84375 0.6745 0.8387499999999999 0.679 0.82725 0.671 0.55525 0.6675 0.54975 0.6575 0.5467500000000001 0.6115 0.54575 0.5945 0.5507500000000001
6 0.767 0.56825 0.77 0.80325 0.7855000000000001 0.81075 0.826 0.81225 0.8320000000000001 0.80725 0.8320000000000001 0.78725 0.8240000000000001 0.56025 0.8215 0.5547500000000001 0.8125 0.55275 0.7735000000000001 0.55375 0.768 0.55725 0.767 0.56825
6 0.826 0.58125 0.8320000000000001 0.80725 0.8335000000000001 0.81175 0.8465 0.8167500000000001 0.8869999999999999 0.8182499999999999 0.892 0.81525 0.892 0.79725 0.882 0.5912499999999999 0.877 0.57325 0.8675 0.5627500000000001 0.8474999999999999 0.55775 0.833 0.56825 0.826 0.58125
6 0.8859999999999999 0.62825 0.892 0.79925 0.9005000000000001 0.8077500000000001 0.9460000000000001 0.8102499999999999 0.952 0.80525 0.952 0.78825 0.9380000000000001 0.55525 0.9235 0.54975 0.8845000000000001 0.55175 0.8789999999999999 0.55525 0.8789999999999999 0.57625 0.8859999999999999 0.62825