6 0.40340795625 1 0.49361558906249997 0.9916734703125 0.5022496546874999 0.9884403765625001 0.508076175 0.9760084953125 0.5095481875 0.9505559281249999 0.5056593687500001 0.9192928984375 0.5011656890625 0.90528194375 0.4939634953125 0.90074009375 0.48263697031249997 0.90637124375 0.35461404375 0.9223440374999999 0.32561792343749996 0.924399521875 0.31091913125000004 0.9204063359375001 0.29535318906249997 0.9246136421875001 0.28939552343749997 0.9325197296875001 0.26210159375000003 0.93231633125 0.2462412484375 0.9416141515625001 0.2351689859375 0.9598324109374999 0.239328121875 0.996611503125 0.24342373906249998 1 0.256253365625 1 0.25813518750000003 0.9975027390625 0.2664748515625 0.9993601578125 0.26713454062499997 1 0.2819908640625 1 0.28528994375 0.99671586875 0.28821497812499997 1 0.40340795625 1
6 0.3325498 0.923425309375 0.483488065625 0.9052418031249999 0.48929852812499997 0.8998809703124999 0.491728696875 0.8884313296874999 0.487871990625 0.8430262000000001 0.479981959375 0.8299974859375 0.47544813750000003 0.8336641546875001 0.46413767031250003 0.8322242546874999 0.32054879999999997 0.8524043546875 0.3082159515625 0.8652457265625 0.279915696875 0.8722525515624999 0.283419109375 0.8864026781250001 0.275604025 0.9026484312499999 0.285343446875 0.9108730062499999 0.30839795937500003 0.9096525609375 0.32024906406250003 0.9221245828125 0.3325498 0.923425309375
6 0.48169217656249996 0.8242030781249999 0.48342647968749997 0.8078020968749999 0.47898096875 0.7725779937499999 0.46926562968749996 0.75374684375 0.45892937343750007 0.7592388203125 0.309259721875 0.779263690625 0.28942224843750003 0.7961892515625 0.262251434375 0.804047171875 0.2608195625 0.8118221140624999 0.267162634375 0.8210289296875001 0.259641953125 0.8321841687499999 0.2672616671875 0.839696821875 0.2965361328125 0.8396218734374999 0.31262665625 0.8535177390625 0.476160059375 0.831544446875 0.48169217656249996 0.8242030781249999
6 0.2331964234375 0.7697571390625 0.2596071453125 0.7852320781250001 0.4285254671875 0.7584626734375 0.45581939687500006 0.758666071875 0.46162986093749997 0.753305240625 0.464060028125 0.7418556 0.46131670781249995 0.7043726140625 0.45640550781250006 0.68739085625 0.44652691093749997 0.6781760125 0.2545540796875 0.7061658625 0.2388329078125 0.7164539484375 0.21195649687499998 0.7192213546875 0.199206128125 0.7290919234375 0.1908263234375 0.7449121265625 0.190328521875 0.7772965703125 0.201336559375 0.7873625093750001 0.20305480625 0.778032578125 0.2331964234375 0.7697571390625
6 0.2642881140625 0.5922020578125 0.2767199953125 0.598028578125 0.40715703437500006 0.5776771921875 0.42641373125 0.5673971328125 0.42953976562499996 0.5608988328125 0.427460196875 0.5425092874999999 0.42379352656249997 0.537975465625 0.407810065625 0.5392119671875 0.268738959375 0.562796446875 0.2602360375 0.5705553343750001 0.258656965625 0.580875534375 0.2642881140625 0.5922020578125
6 0.4223429046875 0.49172726874999995 0.41193972968750003 0.4644092546875 0.401488384375 0.4583043875 0.22520461093750002 0.49014825 0.21855108125 0.493102996875 0.2113087453125 0.506238771875 0.19813282968749998 0.5166740609375 0.1973727390625 0.54000691875 0.211474696875 0.55771665625 0.2205262828125 0.5574543656250001 0.2361992859375 0.5683794265625 0.4117711375 0.538655275 0.4194149359375 0.5355613546875 0.42452953281249994 0.5252491828125 0.4223429046875 0.49172726874999995
6 0.1478913953125 0.34600538125 0.1604624484375 0.35282216875 0.3975540359375 0.32253060312500004 0.40435476875000004 0.31703059843750003 0.405500265625 0.31081064375 0.401193928125 0.2765768078125 0.396700246875 0.2625658546875 0.38921970625 0.25604346875 0.1458921078125 0.2922605875 0.136104515625 0.3052491609375 0.13635075000000002 0.321371796875 0.1478913953125 0.34600538125
6 0.397281025 0.25592035156250004 0.401978103125 0.2426373765625 0.399481015625 0.2212770265625 0.39147589531250004 0.19665146875 0.38314425937499996 0.191258525 0.1482954984375 0.23032333125 0.137959240625 0.23581530781249999 0.135103525 0.24782967031249997 0.141832003125 0.2741493875 0.1576361515625 0.2896002421875 0.397281025 0.25592035156250004
6 0.225437375 0.20079993749999997 0.2228011140625 0.17844931875 0.12914316718750002 0.19464156875 0.1209185921875 0.20438099062499998 0.12455314843750001 0.22305691093750002 0.1349884375 0.2362328265625 0.153107665625 0.22863719843750002 0.229079959375 0.21594033281249997 0.23036463125 0.21071064687500002 0.225437375 0.20079993749999997
6 0.39219584531249996 0.190996234375 0.39489633125 0.1850626546875 0.39196566875 0.16780255 0.3887406015625 0.155632959375 0.381399234375 0.1501008421875 0.2303057390625 0.1743651296875 0.22378335468750002 0.181845671875 0.22501985625 0.1978291328125 0.23389212656249997 0.2142542 0.368568584375 0.1953266578125 0.39219584531249996 0.190996234375
6 0.1445699375 0.18944399375 0.3812600609375 0.1491105734375 0.3816026328125 0.1228069109375 0.37458778125 0.09804218125 0.3680975078125 0.0913806234375 0.1305562890625 0.132843484375 0.12489302656250001 0.135659059375 0.11977842812499999 0.14597123125 0.1266460796875 0.17328121875 0.13538720625 0.185180490625 0.1445699375 0.18944399375
6 0.1544832859375 0.058792834375000005 0.14400785625 0.06329454375 0.1403010453125 0.0764383453125 0.1428061609375 0.094263171875 0.1501234453125 0.11040186249999999 0.16578842031250002 0.12486244843750001 0.3620167265625 0.09122539375 0.3719274359375 0.08629813750000001 0.37168922968749996 0.066639978125 0.36342182031250003 0.032962835937500004 0.356939575 0.0227657515625 0.3498765546875 0.0192141703125 0.1544832859375 0.058792834375000005
6 0.8111676015624999 0.280053334375 0.799153240625 0.27719761875 0.5309137109375001 0.322974846875 0.5259543421874999 0.3272062359375 0.52437526875 0.3375264359375 0.5297869640624999 0.383217940625 0.537104246875 0.3993566328125 0.5461478046875 0.4026298671875 0.8112613 0.363350940625 0.8179148312500001 0.36039619218749996 0.8228902546875 0.349093753125 0.8226841625000001 0.31529349375 0.8179281921875001 0.29223095312499997 0.8111676015624999 0.280053334375
6 0.515163065625 0.2216811296875 0.5193944562499999 0.22664049687499999 0.5304265781249999 0.2260998609375 0.7627220546875 0.19042337812500001 0.7679918828125001 0.17403042500000002 0.7638407734375 0.133715809375 0.7580543953125 0.12847006562500002 0.7382490328125 0.131253528125 0.5145715671875 0.17076796562500002 0.5094730249999999 0.1740090890625 0.508745046875 0.183199846875 0.515163065625 0.2216811296875
6 0.5200688765625 0.11647450781249999 0.51099320625 0.127343371875 0.508825328125 0.1478446 0.521241153125 0.16074216875 0.53508885 0.1658647953125 0.7580543953125 0.12847006562500002 0.762301840625 0.126358384375 0.76544393125 0.11278903437500001 0.7612928234375 0.07247441875 0.757626153125 0.06794059687500001 0.739801328125 0.07044571250000001 0.5371978359375 0.1090180515625 0.5200688765625 0.11647450781249999
6 0.50196570625 0.11699908750000002 0.5227613343749999 0.114076453125 0.5732810625 0.099907575 0.7417818640625 0.0701673671875 0.7490161718749999 0.0605671171875 0.745159465625 0.015161987499999998 0.7393730859375001 0.009916243750000001 0.7225385296875 0.012282185937499999 0.4937544921875 0.058573271875 0.490326028125 0.0736976109375 0.497734315625 0.11203972031250001 0.50196570625 0.11699908750000002