6 0.20532123906250002 0.97721823125 0.21659786093750003 0.9879577734374999 0.22402032031250002 0.9794192109375001 0.23221010312499998 0.9818538515625 0.23982085937500003 0.99034363125 0.2511638203125 0.980528478125 0.25777701249999996 0.989088015625 0.2701663203125 0.994236321875 0.459333734375 0.9900304249999999 0.468172296875 0.9874074875 0.4748518265625 0.9754123281249999 0.4780957375 0.95012444375 0.476397190625 0.9186662984374999 0.47289180937499997 0.9043760109375001 0.4660239828125 0.8993428265625001 0.454332240625 0.904170159375 0.325506965625 0.9111736171875 0.2964380953125 0.9112014265624999 0.282053659375 0.9061926328125001 0.2662321484375 0.9093038640625 0.25973749375 0.9167751093750001 0.23252423906250003 0.9146682765625 0.216053946875 0.9228370859374999 0.2037378125 0.9402386046875 0.20532123906250002 0.97721823125
6 0.30342104375 0.9107131328125 0.45526004843749995 0.9031028390625 0.46143031093750003 0.8981603843749999 0.4646532453125 0.886908153125 0.46397323593750006 0.8413445984375001 0.4570112609375 0.827797240625 0.45223270937500004 0.8311387140625 0.44105023593750003 0.82891334375 0.2964034484375 0.8390280328124999 0.2832048734375 0.850977828125 0.254484784375 0.8559934578125 0.2569926 0.870353503125 0.24806330625 0.8860145265625 0.2572052875 0.89489845625 0.2802887734375 0.895289184375 0.29124100468749997 0.9085575171875 0.30342104375 0.9107131328125
6 0.4530907625 0.8290738296875 0.4591215109375 0.822136246875 0.46199566406250003 0.8058961968749999 0.46001809062500004 0.7704477953125 0.45164001249999997 0.750984809375 0.440945834375 0.7557423859375 0.29024390625 0.76527805 0.26927408750000004 0.7807785890625001 0.2416213203125 0.7867220265625 0.2396505828125 0.7943781484375 0.2453359671875 0.80400500625 0.23705545625000002 0.8146084546875001 0.24413255312499998 0.82263433125 0.2733409359375 0.82460165 0.2884229359375 0.839586084375 0.4530907625 0.8290738296875
6 0.24029594687500003 0.7677683078124999 0.41067012968750005 0.7528472609375 0.4378833859375 0.754954090625 0.44405364687500004 0.7500116359375 0.44727658281249993 0.73875940625 0.44715462500000003 0.7011763625 0.4434399765625 0.6838933828125 0.43422823906249997 0.674011890625 0.2407705703125 0.688542209375 0.2243700328125 0.6977085828125 0.19736604687499998 0.69859444375 0.1839582015625 0.707551546875 0.174495246875 0.72274866875 0.1717396359375 0.7550195000000001 0.1820186921875 0.7658288 0.184383578125 0.7566414531250001 0.2150290359375 0.7504887484375 0.24029594687500003 0.7677683078124999
6 0.421330128125 0.5325670640625 0.40529934531249995 0.5326856046875 0.264921840625 0.5465115234375 0.2558984 0.5536583765625 0.2536032734375 0.5638432859375 0.25843060625000003 0.5755350296875 0.2704257671875 0.582214559375 0.4019647078125 0.5710115765625 0.421891596875 0.5620998390625 0.42546331562499995 0.555835428125 0.4246716015625 0.5373456156249999 0.421330128125 0.5325670640625
6 0.41713060156250004 0.5298533984375 0.42295208124999994 0.5199231234374999 0.42310915 0.4863303359375 0.4146369234375 0.458353178125 0.4046368921875 0.451534134375 0.226561221875 0.47100349062499997 0.21971778749999998 0.47348691406250004 0.2115767890625 0.4860854921875 0.1977050390625 0.49557625468750005 0.1953191828125 0.5187992546875 0.20815142031249997 0.537449553125 0.217199253125 0.537819309375 0.232071984375 0.5498110515625 0.40928960312499996 0.532406578125 0.41713060156250004 0.5298533984375
6 0.4135144484375 0.2559384046875 0.406507109375 0.2489100921875 0.1612458671875 0.2680653125 0.1505760796875 0.2803394984375 0.1496970546875 0.2964400359375 0.1594912359375 0.32181865 0.17155615156249998 0.32949574375 0.4101832296875 0.315816640625 0.41735105624999996 0.31080442812500003 0.41892764375 0.30467953125 0.41701982812500005 0.2702286921875 0.4135144484375 0.2559384046875
6 0.4049656296875 0.183859159375 0.167963925 0.206446584375 0.157269746875 0.2112041609375 0.1535829078125 0.22299005156249999 0.158459025 0.2497150125 0.17314687812500001 0.26623067031250003 0.41455737812500004 0.24934960468749998 0.4201695890625 0.2364266375 0.41916860624999996 0.21494413125 0.41290077812500003 0.1898201515625 0.4049656296875 0.183859159375
6 0.1513472828125 0.16951574062500002 0.1424633546875 0.178657721875 0.1447862921875 0.1975416828125 0.1542770546875 0.21141343125 0.17288198906250002 0.2051002375 0.24955490781249998 0.1977338625 0.2512012546875 0.192606528125 0.2469773359375 0.182376253125 0.2459065984375 0.1598961828125 0.1513472828125 0.16951574062500002
6 0.406095871875 0.14268000625 0.253677840625 0.156345440625 0.246649528125 0.1633527796875 0.24676806875 0.17938356093750002 0.254472971875 0.1963875140625 0.3901416828125 0.18690063437499999 0.4140134640625 0.184228915625 0.41712127656250003 0.17849816406250002 0.41540175625 0.161075671875 0.41303345468749997 0.14871075625000002 0.406095871875 0.14268000625
6 0.3969226640625 0.083174946875 0.15706777968750002 0.10796676875 0.15122190625 0.1103804359375 0.14540042656250002 0.1203107125 0.1503463 0.1480332359375 0.15823608281249998 0.1605132734375 0.1670990375 0.1654069453125 0.406026115625 0.14168244375 0.408202703125 0.1154667515625 0.4029324390625 0.0902730171875 0.3969226640625 0.083174946875
6 0.39057824218750004 0.013948879687499999 0.3883479125 0.0126248609375 0.17144520624999998 0.06270079687499999 0.17197903750000001 0.0703349421875 0.17815271875 0.08694475 0.192770815625 0.10246284531250001 0.3908675234375 0.082595921875 0.40109779687499997 0.0783720046875 0.40223145625 0.058745114062500006 0.3963333828125 0.0245733015625 0.39057824218750004 0.013948879687499999
6 0.8326303984375001 0.3719850390625 0.8347825953125 0.3382527375 0.8316469718749999 0.3149146171875 0.8257523171875001 0.3022950671875 0.8139664265625 0.2986082296875 0.5431870578125 0.325562503125 0.5379446015625 0.3294376375 0.535649475 0.339622546875 0.5378607078125001 0.38558024999999996 0.5440343890625 0.40219005625 0.5528275875 0.40608616406250003 0.8200352390625 0.38539630156250004 0.826878675 0.382912878125 0.8326303984375001 0.3719850390625
6 0.7833424046874999 0.147376059375 0.763391125 0.1487711875 0.5375021359375001 0.1725864203125 0.5321899250000001 0.175463990625 0.5308226046875 0.1845815796875 0.534540671875 0.2234168203125 0.53841580625 0.2286592765625 0.5494587671875 0.2288895203125 0.7836770515625 0.20950405625 0.79007755625 0.1935186390625 0.7887487640625 0.1530126609375 0.7833424046874999 0.147376059375
6 0.7904790046875 0.091742715625 0.7871375296875 0.0869641640625 0.7691813765625 0.08821978124999999 0.5643807468750001 0.1125652546875 0.5467733765625 0.11880869218750001 0.536961640625 0.1290179921875 0.5333689484375 0.14931805625 0.544854840625 0.1630502921875 0.5583114671875 0.16912640625 0.7833424046874999 0.147376059375 0.787726809375 0.1455658078125 0.79180779375 0.13224869374999998 0.7904790046875 0.091742715625
6 0.7729765000000001 0.0278078859375 0.7560179109375 0.028993745312500003 0.524562078125 0.0592129 0.5200869453125 0.074061240625 0.524802575 0.11282672499999999 0.5286777109374999 0.1180691796875 0.54962655625 0.11660429375 0.601011590625 0.10599400781249999 0.7711765046875 0.0880802671875 0.77906286875 0.07900804375 0.778382859375 0.033444487499999995 0.7729765000000001 0.0278078859375