6 1 0.2640822296875 0.9730624109375 0.2595976953125 0.954289640625 0.26970131406250003 0.9441744984374999 0.2850533140625 0.9429491640625001 0.312320484375 0.9347421109375 0.3178562109375 0.9297259125 0.333180628125 0.93294435 0.3480682625 0.9293741421874999 0.37691706875 0.9067230374999999 0.50392859375 0.9005068203125 0.5149448828125001 0.9046655109374999 0.5223749093750001 0.9184220828124999 0.5275957078125 0.94943874375 0.533115378125 0.97493346875 0.5329774671874999 0.9876532484375 0.5278095671874999 0.9913337828125 0.5193565390625 1 0.4597602046875 1 0.2640822296875
6 0.8972080953124999 0.3039386796875 0.8832607140625001 0.2996995078125 0.8747823718750001 0.32759426875000003 0.8613131468749999 0.33923815 0.8336458421874999 0.4815740921875 0.834491825 0.49294441874999995 0.8305928984375001 0.4972801265625 0.843190825 0.5058412156250001 0.8883318843750001 0.5120689578125 0.8998930203125 0.5102413484375 0.9055506 0.5047194109375 0.9316086859375 0.35493965312500003 0.9309535125 0.3425877 0.9191188218749999 0.33010010156249997 0.921544175 0.3071410578125 0.9138405921875 0.29698454218750003 0.8972080953124999 0.3039386796875
6 0.8239125093749999 0.277466859375 0.816073284375 0.2784898609375 0.8068041234375001 0.3052121859375 0.7888635453124999 0.3241366578125 0.7610330140625 0.472553171875 0.75500760625 0.482587834375 0.7733044859375 0.4932754046875 0.8082476562500001 0.49955831093749997 0.8247169265625001 0.49868474531249996 0.8323377624999999 0.493544428125 0.86283961875 0.33138513281250004 0.849804909375 0.314589409375 0.8514118625 0.285358984375 0.8443082890625 0.27735653125000004 0.8327747375 0.28428308593749996 0.8239125093749999 0.277466859375
6 0.7931234984375 0.205265496875 0.760757384375 0.2040677453125 0.7445202953125001 0.2116081 0.7339959515625 0.223824409375 0.7298257359375 0.2505191515625 0.718728965625 0.2656803421875 0.68073039375 0.45592520625 0.6894156031249999 0.46627253281250003 0.70611705625 0.47206575781250004 0.743405096875 0.47676702656250003 0.7549662328125 0.4749394171875 0.7606238125 0.46941748125 0.761849146875 0.4421503109375 0.7974223671875 0.2748644890625 0.7833508671875 0.247680065625 0.7931924546875 0.218012859375 0.802599525 0.216785259375 0.7931234984375 0.205265496875
6 0.5439830765625 0.40998860312499996 0.5419117609375 0.4258854484375 0.5462474687500001 0.429784375 0.5645029765625 0.43282352656249995 0.571155975 0.430041871875 0.5824297640625 0.4113495828125 0.60957980625 0.2821564125 0.6044119046875001 0.2694366328125 0.593395615625 0.263220415625 0.5830069156250001 0.2642572078125 0.5748136546875 0.27234240625 0.5439830765625 0.40998860312499996
6 0.5213391546875 0.21203090000000002 0.5078423484375 0.2185758359375 0.50454343125 0.2250656078125 0.4635172296875 0.39944121093749996 0.4690667484375 0.4101977375 0.495802865625 0.42201637031250006 0.5291643984375 0.425954403125 0.5397301140625 0.4213865125 0.5432198406250001 0.41391511249999996 0.582091978125 0.24013951875 0.57200215 0.22391622187500002 0.5727378046875 0.2148907671875 0.555790378125 0.1998812796875 0.5324497171875 0.19941918125 0.5213391546875 0.21203090000000002
6 0.2621755953125 0.3766038296875 0.268297540625 0.3844154734375 0.2820541125 0.389636271875 0.31601565468750004 0.39572836875 0.32228703593749997 0.3949099671875 0.32813542500000004 0.3884064046875 0.37079389375 0.15322508125 0.364644365625 0.1403144921875 0.34064853125 0.12750044062500002 0.324560878125 0.12641075 0.3110778625 0.13550515937500002 0.2621755953125 0.3766038296875
6 0.20274691093750002 0.3757485875 0.22691976249999998 0.385031540625 0.2481201515625 0.3886431203125 0.26163075 0.38464765624999997 0.307806528125 0.1470938765625 0.2932039734375 0.13050275312499998 0.267272465625 0.12240602812500001 0.2551251125 0.12462904687500001 0.2490997046875 0.13466371093750001 0.1977974015625 0.3671461265625 0.20274691093750002 0.3757485875
6 0.22521873281250002 0.21559392187499998 0.2305084859375 0.2145847125 0.2471640328125 0.1393810375 0.255697540625 0.121684165625 0.243085821875 0.1105736046875 0.2246257140625 0.10596660625000001 0.2144691984375 0.11367018749999999 0.1933974625 0.20635234374999997 0.215579478125 0.21015473281250002 0.22521873281250002 0.21559392187499998
6 0.16192776874999998 0.3708703015625 0.1739118953125 0.37472785468750003 0.1909949671875 0.378557825 0.197061746875 0.3761715796875 0.202622790625 0.3528033359375 0.2285728140625 0.2193020390625 0.212634596875 0.2095823046875 0.196737753125 0.20751098906249998 0.188926109375 0.213632934375 0.1567874515625 0.363249465625 0.16192776874999998 0.3708703015625
6 0.10515661875 0.3537228078125 0.12952028124999998 0.36202413125 0.1558058234375 0.36305865625 0.20847137343750002 0.1288037953125 0.20469430000000002 0.119410515625 0.193268809375 0.11005860781250001 0.16635567499999998 0.101771075 0.1557899578125 0.106338965625 0.15268185 0.1118471109375 0.0988438640625 0.346892790625 0.10515661875 0.3537228078125
6 0.027729925 0.3249199078125 0.0309069890625 0.332159125 0.04075084375 0.339166159375 0.07394914999999999 0.3491847640625 0.0935679015625 0.350451471875 0.0990070921875 0.34081221875 0.14286784531250002 0.1466132625 0.1292469171875 0.130212946875 0.1135133 0.12206105781250001 0.0958440109375 0.118626496875 0.082524221875 0.1216403328125 0.0774804421875 0.13186580625 0.027729925 0.3249199078125
6 0.3215995546875 0.5216065640624999 0.261846490625 0.7870826859375 0.264069509375 0.7992300390625 0.2758766171875 0.8066186921874999 0.29865864375 0.81257514375 0.33240179375 0.8145499234375 0.3439491375 0.8101728406250001 0.3472480546875 0.8036830687500001 0.4003481203125 0.5409886015625001 0.397552675 0.5317861296874999 0.3818190578125 0.5236342406250001 0.3364733984375 0.5158386546875 0.3260847 0.5168754453125 0.3215995546875 0.5216065640624999
6 0.11928989062499999 0.718623821875 0.1154737109375 0.7382563656250001 0.12040942968749999 0.7443093562499999 0.16045154374999998 0.7505646796875001 0.1770978328125 0.7461600140625 0.224882828125 0.5160500531250001 0.22600009999999998 0.5050613453125 0.22126898125 0.5005762015624999 0.18317633125 0.4921530234375 0.17396006875 0.492398996875 0.17045654999999998 0.4973209234375 0.11928989062499999 0.718623821875
6 0.10760709531249998 0.51668444375 0.05848417031249999 0.7169915546875 0.0550496078125 0.73466084375 0.059385317187499995 0.7385597703125 0.09942743125 0.74481509375 0.1131426296875 0.742387475 0.1154737109375 0.7382563656250001 0.1644863078125 0.5175534765625 0.160095434375 0.5034566593750001 0.147865334375 0.49038284374999996 0.1272787453125 0.49147480000000004 0.11594979218749998 0.49996919999999995 0.10760709531249998 0.51668444375
6 0 0.7157750968750001 0.0029957859375 0.719449021875 0.048136845312499996 0.7256767625 0.05810255156250001 0.7189548078125 0.096620653125 0.5522414140625 0.1134141109375 0.5025324640625 0.11742109999999999 0.4819182921875 0.1126899828125 0.47743314843749995 0.074788140625 0.4680283421875 0.059505096874999996 0.4706605625 0.0013038203125 0.6967083703125 0 0.7034159437499999 0 0.7157750968750001