6 0.71993050625 1 0.72374621875 0.981164153125 0.7143039140624999 0.9620502078125 0.6993142796875 0.95140545 0.6721064828125 0.9492292515624999 0.6668605515625 0.9408340046875001 0.65172053125 0.935286046875 0.6367296453125 0.9379829531249999 0.6080230109375 0.9334081109374999 0.48187937031250005 0.9063381671874999 0.47108673437500004 0.8997412734375001 0.4635160984375 0.9036381265625 0.4578183828125 0.9172041156249999 0.451219609375 0.9480092484375 0.45046768281249994 0.9734932546874999 0.4551885203125 0.98638564375 0.46350795 0.9903589421874999 0.5166980953125 1 0.71993050625 1
6 0.659220990625 0.8805709374999999 0.648054271875 0.8667035515625001 0.5067706109375 0.8340856484374999 0.4953776875 0.8345342984374999 0.49118069062499997 0.8304864328124999 0.48218515625 0.84277790625 0.47438580625000004 0.887674121875 0.475808825 0.8992919984375 0.48112995156249994 0.90513884375 0.6299090546875 0.9364082953124999 0.6422763484375 0.936184596875 0.6551693640625 0.9247929265625 0.678029778125 0.9280180609375 0.6884489578124999 0.9206736296875 0.682079521875 0.90380856875 0.68680286875 0.890017628125 0.659220990625 0.8805709374999999
6 0.66567501875 0.7948251203125001 0.5183201875 0.7618318796875 0.508501921875 0.7554599390625001 0.497182309375 0.7733726812499999 0.48968373125 0.8080752953125 0.489981996875 0.8245650187500001 0.49485321875 0.8323606078125 0.65584923125 0.8685031609375 0.673089628125 0.8560625546875 0.702246165625 0.8586886546875 0.7104916546875 0.851868690625 0.703971834375 0.84010043125 0.7110931953125 0.8314814859374999 0.7103444031249999 0.8236113328125001 0.6839618453125 0.8134152234375 0.66567501875 0.7948251203125001
6 0.7866516796874999 0.7709264250000001 0.7796825843749999 0.7544360718750001 0.7678410109375 0.743491796875 0.74130806875 0.7383924890625 0.7265433859375 0.726773359375 0.5377405453125 0.6821584859375001 0.5270964125 0.6904772875 0.52072384375 0.7069663859374999 0.5147241046875 0.744067640625 0.5161471234375 0.755685515625 0.5214682484375001 0.7615323625 0.5486760453125 0.7637085609375001 0.7146184734375 0.8050983015625001 0.7422774249999999 0.791984096875 0.7715830921875 0.8028550593749999 0.7724816421875 0.8122992421875 0.784325096875 0.8032310218750001 0.7866516796874999 0.7709264250000001
6 0.726778990625 0.6123948453125 0.733375884375 0.601602209375 0.732702284375 0.5911836546875 0.7249079515625 0.582713215625 0.5884215765625 0.5470976359375 0.5726067031250001 0.544472790625 0.5685588375 0.5486697859375 0.5648844296875 0.5668081078125 0.567432203125 0.5735541328125 0.58571965625 0.5854734046875001 0.713886603125 0.6171156843750001 0.726778990625 0.6123948453125
6 0.5908271125 0.4722196453125 0.5780826015625 0.49852701250000003 0.5729826671875 0.5317307859375 0.5771790375 0.5424494828124999 0.584524096875 0.54619783125 0.7568372125 0.5911109703124999 0.77340275625 0.5815934734375 0.7823970390625 0.5826436640625 0.797988840625 0.5662303843750001 0.799265234375 0.54292006875 0.7870489515625 0.5313761328125 0.7809790343749999 0.5176591328125 0.774608346875 0.5141357359375001 0.6017707609375 0.4670489046875 0.5908271125 0.4722196453125
6 0.864190240625 0.3772796640625 0.877833928125 0.35374565156250004 0.8794844062499999 0.337705828125 0.8708660874999999 0.3239136359375 0.631620953125 0.26662693593750003 0.6236004140625 0.2724725296875 0.6179026999999999 0.2860385171875 0.6106290734375001 0.3197667609375 0.6112281078125 0.3260628828125 0.617523603125 0.33213468125 0.8510729015624999 0.3829748734375 0.864190240625 0.3772796640625
6 0.8738700296875 0.26200259843749996 0.6433196609375 0.202618028125 0.6345497046874999 0.20726430156250003 0.6244287859375001 0.23109845624999997 0.6200795234375 0.2521598890625 0.623601040625 0.265801696875 0.8593985984374999 0.32023985312500003 0.8764892359375 0.306225215625 0.885486025 0.28059207656249996 0.8836882968750001 0.268374540625 0.8738700296875 0.26200259843749996
6 0.7938225531249999 0.2353117515625 0.7946465390624999 0.24063350312499998 0.8692231312500001 0.2599034734375 0.8866114078124999 0.2690493953125 0.8981553421875 0.25683311249999996 0.9034037828124999 0.23854503125 0.8960593515624999 0.22812585156249998 0.8041690484374999 0.2038323921875 0.799594834375 0.22586819375 0.7938225531249999 0.2353117515625
6 0.797048940625 0.1991096734375 0.648645175 0.16176905156250002 0.6408495875 0.166640275 0.6365761437499999 0.1784824734375 0.632152315625 0.195421475 0.6343253796874999 0.20156783749999999 0.6574853109375 0.20794103437499997 0.7899996390624999 0.238534378125 0.8002696890625 0.2229450828125 0.8028945343749999 0.2071302109375 0.797048940625 0.1991096734375
6 0.900037665625 0.1664397671875 0.6670140875 0.1044316015625 0.6599679187499999 0.110502146875 0.6508213734375 0.13456125624999998 0.6488701265625 0.16079468125000002 0.8811442843749999 0.221603525 0.8906636593749999 0.2181565734375 0.9004086140625001 0.2070644203125 0.909630353125 0.1804569109375 0.905433984375 0.1697382125 0.900037665625 0.1664397671875
6 0.865635196875 0.1554184203125 0.882500884375 0.1423781515625 0.8911969031250001 0.126938615625 0.895246021875 0.1093999546875 0.892698875 0.0959830984375 0.8826556562500001 0.09058552812500001 0.6914554265625 0.034127826562500005 0.6841097406250001 0.037050309375 0.6767634296875 0.0466436265625 0.6655923234375 0.0794720640625 0.6636417031249999 0.09903465781250001 0.673085259375 0.1048069390625 0.865635196875 0.1554184203125
6 0.191490784375 0.32152625625 0.1954622046875 0.3332193234375 0.20183289218749997 0.3367427203125 0.46251416875 0.39897834374999996 0.47180859374999995 0.3965057625 0.4805046125 0.381066228125 0.489877990625 0.336020253125 0.489204390625 0.3256017 0.484632684375 0.3209541734375 0.22140363437500002 0.2519725265625 0.20918609843749997 0.2537702546875 0.201389884375 0.265312309375 0.19464198125 0.2878725796875 0.191490784375 0.32152625625
6 0.509151721875 0.22141866718749997 0.5188991828125 0.1836431875 0.5189750015625 0.1744239546875 0.5141783453125 0.170750796875 0.2947959484375 0.111891946875 0.2753085484375 0.10739292656249999 0.269086990625 0.1121143921875 0.261438028125 0.15191380625 0.26525906250000003 0.168703675 0.49356117499999996 0.2244902828125 0.5045041968749999 0.225990375 0.509151721875 0.22141866718749997
6 0.2753085484375 0.10739292656249999 0.494166475 0.1640780859375 0.5084079453125 0.160181859375 0.5219006203125 0.1484154796875 0.521527790625 0.12780332187500001 0.5134339406249999 0.11618482031249999 0.49702003437500003 0.1072638515625 0.29854931093750003 0.051180234375 0.28101065 0.0471311140625 0.276962784375 0.0513281125 0.269313821875 0.091127525 0.2712613078125 0.1049190921875 0.2753085484375 0.10739292656249999
6 0.29727242187499997 0 0.29023051093749996 0.040536103125 0.296600571875 0.05073033125 0.461868146875 0.09504318125 0.51096073125 0.1135612265625 0.5314225046875001 0.11828520000000001 0.5360700296875 0.11371349374999999 0.5467918609375 0.0761629625 0.544694615625 0.060797365625 0.3386346046875 0 0.29727242187499997 0