6 0.9092643484374999 0.130680009375 0.9050498078125001 0.1232478046875 0.9116998374999999 0.11409482343749999 0.8986988609375001 0.1055230921875 0.8623108265624999 0.1122988546875 0.848125834375 0.1282138171875 0.8438714015625 0.14609955937500002 0.8520458859375 0.17214140625000002 0.8462271078124999 0.1801502671875 0.8467546828125 0.1962661484375 0.8548708953125 0.20915517968750003 0.861382871875 0.23748527187500001 0.88353829375 0.3645841984375 0.8814647546875 0.377062196875 0.8879138640625 0.38262178125 0.9026264312500001 0.382822703125 0.9336603968749999 0.3774011734375 0.9575704328124999 0.36855186875 0.9677555906249999 0.3593452109375 0.9683230578125 0.350143146875 0.9298677484375 0.1648779609375 0.9220644046875 0.15396430781249998 0.912236603125 0.1494460875 0.9192485843749999 0.1361859171875 0.9092643484374999 0.130680009375
6 0.8061965953125 0.179909453125 0.7916404625 0.18069622031250002 0.7932139968749999 0.2098084859375 0.7845395078124999 0.22535690156250002 0.8072225046874999 0.3685717109375 0.8119063484375 0.37896697968750004 0.80972545625 0.384374725 0.8244916999999999 0.388110771875 0.8690404328125 0.3785237828125 0.8792792671875 0.3728522515625 0.8827070406249999 0.365728321875 0.8559659375 0.21606899687499997 0.8511256578124999 0.204686040625 0.8357336765625 0.1969992390625 0.8301603078124999 0.1745952765625 0.8194475750000001 0.167686053125 0.8061965953125 0.179909453125
6 0.7282673796875 0.180102646875 0.721250803125 0.1837451265625 0.7216802140625 0.21202613750000002 0.7112941359375 0.2359453640625 0.735903428125 0.38492986875 0.7336734546875 0.39642017812499997 0.7545222625 0.40020530781249997 0.78950698125 0.394158040625 0.8046842562500001 0.3877043359375 0.8100874062500001 0.38026753750000003 0.78328803125 0.21745539531250002 0.7652949359375001 0.206130709375 0.7568075828125 0.1781134859375 0.7473954078125 0.17302320468750002 0.7389264343749999 0.18347674375 0.7282673796875 0.180102646875
6 0.6746408515625 0.12278602187500001 0.6438169968749999 0.132730365625 0.631138078125 0.14536939375 0.6254266546875 0.16044850625 0.6306380734375 0.18695965625 0.6253959515624999 0.20500183437500002 0.65475655 0.39676980624999997 0.6664569703125001 0.4035225953125 0.684132603125 0.4032542140625 0.7207798296875 0.39491869999999996 0.7310186625 0.3892471671875 0.7344464359375 0.3821232390625 0.726271953125 0.356081390625 0.7024847234375 0.18671738124999998 0.67996421875 0.165985115625 0.679065503125 0.134741040625 0.6874853953125 0.1303700640625 0.6746408515625 0.12278602187500001
6 0.5105448625 0.40037385625 0.5140355015625 0.41602043593750004 0.519443246875 0.418201328125 0.5376372640625 0.41481344687500005 0.54293765625 0.40992408593749996 0.5471384125000001 0.38850321718749997 0.5284644390625 0.2578154875 0.51925778125 0.24763032968749998 0.5067797828125 0.24555679062500002 0.497372203125 0.2500842 0.49243835625 0.2604840625 0.5105448625 0.40037385625
6 0.4215610140625 0.222099140625 0.4111166640625 0.23286554843750001 0.410236328125 0.2400922359375 0.4313242796875 0.417983490625 0.44021806874999997 0.4261932703125 0.46938401093750004 0.4281548625 0.502080484375 0.4204450875 0.5104466999999999 0.4125389859375 0.5111706 0.40432461093749994 0.48826370781249995 0.22773391406250001 0.4732336765625 0.21593992499999998 0.470838078125 0.2072071640625 0.44977915937499996 0.1988992203125 0.42768806406250004 0.206447965625 0.4215610140625 0.222099140625
6 0.23431418593750003 0.465386265625 0.24273867187499998 0.47063298124999997 0.2574512390625 0.47083390312500006 0.2914482703125 0.46494306874999997 0.29706153125 0.46202908593750003 0.3003328703125 0.45391746875 0.2599819671875 0.2183292578125 0.2497876203125 0.2083005359375 0.2228562484375 0.204466325 0.20736610312499998 0.20894465312500002 0.19780668437499999 0.22210206562499998 0.23431418593750003 0.465386265625
6 0.1781769796875 0.484908409375 0.2040669875 0.48536392812500007 0.2252240703125 0.48150674374999997 0.23655335000000002 0.4731313375 0.19869620937500002 0.23411075937499998 0.1792997984375 0.22351457031250002 0.15216290937500002 0.2247752359375 0.1415084484375 0.23101882968749998 0.13927847499999998 0.2425091390625 0.170583746875 0.4785175703125 0.1781769796875 0.484908409375
6 0.1445174625 0.3267264359375 0.1491430359375 0.3239688859375 0.1390729578125 0.24760401562499998 0.1410391453125 0.2280557640625 0.125387971875 0.2219287140625 0.10646545781250001 0.2239132796875 0.099556234375 0.2346260125 0.11145444374999999 0.32892570781249997 0.1335992140625 0.3249120875 0.1445174625 0.3267264359375
6 0.13815106093750001 0.4942852875 0.1507318171875 0.4938113890625 0.1680945796875 0.49156762968749995 0.1729793453125 0.48725033125 0.17021260625 0.4633893765625 0.14893751875 0.3290637625 0.13063615 0.3253813921875 0.11498957031249998 0.32887203125000003 0.1097428546875 0.3372965171875 0.1307142625 0.4888821375 0.13815106093750001 0.4942852875
6 0.0789388421875 0.49758879062499994 0.104672415625 0.497056621875 0.129726575 0.489038571875 0.099096121875 0.250898328125 0.0923341421875 0.2433633671875 0.078399153125 0.238483196875 0.05027457656249999 0.239900296875 0.0419083609375 0.2478063984375 0.040871590624999996 0.2540453984375 0.07067079062500001 0.49332976406249995 0.0789388421875 0.49758879062499994
6 0 0.5008451 0.0017917984375 0.5027204265624999 0.0134385421875 0.5059380890625 0.048061310937500004 0.503998009375 0.0669301484375 0.498478315625 0.0687444953125 0.48756006875 0.0435401671875 0.29007148125 0.02513144375 0.2793188578125 0.0075585687499999995 0.2770398015625 0 0.2782369609375 0 0.5008451
6 0.3397482984375 0.581320075 0.374396965625 0.8512227781249999 0.380640559375 0.8618772390625 0.3942626796875 0.8647820328125 0.4177080078125 0.86258735625 0.45009161249999996 0.852902203125 0.45944551562499997 0.8448396671875 0.4603258515625 0.8376129796875 0.42037679062500005 0.5725996359375001 0.4146025015625 0.564908240625 0.3970296265625 0.562629184375 0.351752396875 0.5708128578125 0.3423448171875 0.5753402671875001 0.3397482984375 0.581320075
6 0.2170232703125 0.83564971875 0.2201519609375 0.8554034843749999 0.22686026250000002 0.8594033203125001 0.26662698906250004 0.8515861921875001 0.2807629 0.8417537953125 0.246963865625 0.60917773125 0.2442553984375 0.59846959375 0.23827559062499998 0.595873075 0.1995993109375 0.6009863296875 0.1910229859375 0.6043696171875 0.1894141546875 0.6101929890625 0.2170232703125 0.83564971875
6 0.13697769843750002 0.6498845265625001 0.159326315625 0.8549126703125 0.1621421359375 0.872691059375 0.16754988125 0.874871953125 0.20731660624999998 0.8670548234375 0.21937438281250002 0.8600827343749999 0.2201519609375 0.8554034843749999 0.19072390156250002 0.6312473125 0.181776434375 0.61950240625 0.1658123921875 0.611399978125 0.146840796875 0.619467109375 0.1391003203125 0.6313239640625 0.13697769843750002 0.6498845265625001
6 0.0986571046875 0.8554095421874999 0.101316490625 0.87220024375 0.10802479218750001 0.8762000796875 0.1525735265625 0.866613090625 0.159639184375 0.8568880468750001 0.13881502031249998 0.6870547328125001 0.137594246875 0.6345998984375 0.1343091234375 0.61385844375 0.1283293171875 0.6112619234375 0.08949660312499999 0.6153874906250001 0.0760355109375 0.6230880765625 0.0986571046875 0.8554095421874999