6 0.076171875 0.60693359375 0.07421875 0.62158203125 0.0615234375 0.63720703125 0.0712890625 0.72607421875 0.07958984375 0.7490234375 0.09130859375 0.75390625 0.1083984375 0.75341796875 0.12255859375 0.75 0.1357421875 0.73779296875 0.12890625 0.66552734375 0.1201171875 0.62939453125 0.1064453125 0.61767578125 0.10107421875 0.603515625 0.08544921875 0.6025390625 0.076171875 0.60693359375
6 0.1376953125 0.59716796875 0.1240234375 0.62353515625 0.123046875 0.63720703125 0.1279296875 0.64892578125 0.1376953125 0.73291015625 0.14794921875 0.7373046875 0.1708984375 0.73681640625 0.18798828125 0.7294921875 0.1943359375 0.71923828125 0.185546875 0.62646484375 0.1787109375 0.61376953125 0.16796875 0.60693359375 0.162109375 0.59326171875 0.15185546875 0.58984375 0.1376953125 0.59716796875
6 0.16015625 0.56884765625 0.1591796875 0.58837890625 0.1669921875 0.60302734375 0.1845703125 0.62060546875 0.19140625 0.69775390625 0.197265625 0.70263671875 0.20654296875 0.69921875 0.212890625 0.68994140625 0.205078125 0.59326171875 0.2041015625 0.58837890625 0.189453125 0.57568359375 0.18359375 0.56298828125 0.17333984375 0.560546875 0.16015625 0.56884765625
6 0.24755859375 0.4912109375 0.23779296875 0.490234375 0.232421875 0.49560546875 0.232421875 0.50537109375 0.2119140625 0.52197265625 0.2060546875 0.53662109375 0.216796875 0.67138671875 0.21875 0.68603515625 0.22705078125 0.6982421875 0.24267578125 0.703125 0.2587890625 0.70263671875 0.28173828125 0.697265625 0.291015625 0.68994140625 0.294921875 0.68115234375 0.287109375 0.54150390625 0.2822265625 0.52490234375 0.2763671875 0.51806640625 0.25537109375 0.505859375 0.24755859375 0.4912109375
6 0.08203125 0.51904296875 0.0537109375 0.50048828125 0.04833984375 0.4814453125 0.03662109375 0.48046875 0.0302734375 0.48583984375 0.029296875 0.50537109375 0.0078125 0.52685546875 0.0068359375 0.54345703125 0.0205078125 0.60205078125 0.0322265625 0.68701171875 0.04345703125 0.6953125 0.0615234375 0.69580078125 0.06640625 0.69287109375 0.06640625 0.68798828125 0.0595703125 0.64208984375 0.0732421875 0.61865234375 0.0751953125 0.60595703125 0.087890625 0.58935546875 0.08984375 0.54833984375 0.08203125 0.51904296875
6 0.1279296875 0.43701171875 0.11669921875 0.43359375 0.1083984375 0.43798828125 0.109375 0.45458984375 0.083984375 0.47998046875 0.08203125 0.50146484375 0.0947265625 0.57275390625 0.10498046875 0.5771484375 0.11474609375 0.5751953125 0.1201171875 0.59033203125 0.1337890625 0.59912109375 0.13427734375 0.595703125 0.1552734375 0.58544921875 0.1591796875 0.56884765625 0.1689453125 0.55908203125 0.166015625 0.48974609375 0.16015625 0.47412109375 0.130859375 0.45068359375 0.1279296875 0.43701171875
6 0.19580078125 0.4541015625 0.189453125 0.46142578125 0.19140625 0.47021484375 0.1689453125 0.48974609375 0.1689453125 0.52197265625 0.173828125 0.55810546875 0.18212890625 0.5615234375 0.19580078125 0.580078125 0.2080078125 0.58642578125 0.2060546875 0.53369140625 0.2099609375 0.52490234375 0.2314453125 0.50439453125 0.236328125 0.48583984375 0.22802734375 0.4775390625 0.2099609375 0.46923828125 0.20556640625 0.4541015625 0.19580078125 0.4541015625
6 0.26708984375 0.4560546875 0.2626953125 0.46044921875 0.2626953125 0.47119140625 0.24609375 0.48974609375 0.25537109375 0.50390625 0.27587890625 0.5166015625 0.283203125 0.52587890625 0.294921875 0.65283203125 0.302734375 0.65478515625 0.31103515625 0.6513671875 0.3203125 0.63916015625 0.3212890625 0.61572265625 0.310546875 0.49169921875 0.30419921875 0.482421875 0.28125 0.46923828125 0.27783203125 0.45703125 0.26708984375 0.4560546875
6 0.31787109375 0.4091796875 0.31103515625 0.4208984375 0.3017578125 0.42333984375 0.302734375 0.44775390625 0.3125 0.46923828125 0.3154296875 0.48681640625 0.3232421875 0.64306640625 0.33740234375 0.65625 0.3681640625 0.65771484375 0.39208984375 0.6494140625 0.3984375 0.63720703125 0.3935546875 0.44287109375 0.390625 0.42138671875 0.37451171875 0.419921875 0.37060546875 0.4033203125 0.34521484375 0.4013671875 0.31787109375 0.4091796875
6 0.4228515625 0.42919921875 0.4228515625 0.43701171875 0.3955078125 0.45947265625 0.400390625 0.63232421875 0.41552734375 0.642578125 0.4501953125 0.64404296875 0.46337890625 0.6396484375 0.47265625 0.62939453125 0.470703125 0.47119140625 0.46484375 0.45458984375 0.43994140625 0.4384765625 0.43408203125 0.4248046875 0.42724609375 0.423828125 0.4228515625 0.42919921875
6 0.39501953125 0.2265625 0.3857421875 0.23095703125 0.37890625 0.25146484375 0.3623046875 0.26904296875 0.3603515625 0.29638671875 0.3662109375 0.39794921875 0.373046875 0.40478515625 0.37646484375 0.41796875 0.3916015625 0.42041015625 0.39453125 0.45166015625 0.3994140625 0.45263671875 0.4208984375 0.43505859375 0.42529296875 0.4228515625 0.4384765625 0.41943359375 0.4384765625 0.31298828125 0.43359375 0.26611328125 0.412109375 0.24658203125 0.4072265625 0.22998046875 0.39501953125 0.2265625
6 0.466796875 0.30419921875 0.45703125 0.32568359375 0.4423828125 0.33740234375 0.439453125 0.35009765625 0.4423828125 0.43310546875 0.47119140625 0.4619140625 0.474609375 0.46142578125 0.50390625 0.43798828125 0.5048828125 0.43115234375 0.5146484375 0.42431640625 0.515625 0.41162109375 0.5146484375 0.34228515625 0.4912109375 0.31884765625 0.48291015625 0.3017578125 0.466796875 0.30419921875
6 0.5068359375 0.43017578125 0.50439453125 0.4404296875 0.49658203125 0.443359375 0.4755859375 0.46337890625 0.4765625 0.63330078125 0.48193359375 0.640625 0.49462890625 0.6474609375 0.5224609375 0.64892578125 0.53759765625 0.6455078125 0.5517578125 0.63134765625 0.552734375 0.48974609375 0.5498046875 0.46044921875 0.52294921875 0.44140625 0.51953125 0.42919921875 0.51318359375 0.4267578125 0.5068359375 0.43017578125
6 0.56884765625 0.421875 0.5458984375 0.43798828125 0.5419921875 0.45068359375 0.552734375 0.46826171875 0.552734375 0.61279296875 0.55810546875 0.619140625 0.576171875 0.61962890625 0.58203125 0.46826171875 0.611328125 0.44482421875 0.6103515625 0.43603515625 0.5888671875 0.41943359375 0.587890625 0.40771484375 0.58154296875 0.404296875 0.57421875 0.40673828125 0.56884765625 0.421875
6 0.6162109375 0.43505859375 0.61181640625 0.4482421875 0.5830078125 0.46826171875 0.578125 0.63916015625 0.58349609375 0.6484375 0.59716796875 0.65625 0.62890625 0.65869140625 0.64404296875 0.6552734375 0.654296875 0.64306640625 0.6591796875 0.48388671875 0.6552734375 0.46826171875 0.630859375 0.44970703125 0.62890625 0.43505859375 0.62255859375 0.4326171875 0.6162109375 0.43505859375
6 0.71337890625 0.4287109375 0.7060546875 0.43212890625 0.70361328125 0.4453125 0.69482421875 0.447265625 0.671875 0.46923828125 0.6640625 0.64013671875 0.66748046875 0.6474609375 0.68505859375 0.6572265625 0.7216796875 0.65869140625 0.73193359375 0.6552734375 0.7412109375 0.63916015625 0.75 0.48876953125 0.748046875 0.47021484375 0.73486328125 0.453125 0.7197265625 0.44482421875 0.71875 0.43310546875 0.71337890625 0.4287109375
6 0.787109375 0.42822265625 0.78271484375 0.4423828125 0.76416015625 0.4521484375 0.7509765625 0.46630859375 0.751953125 0.50634765625 0.7421875 0.63916015625 0.74755859375 0.6474609375 0.76611328125 0.6552734375 0.796875 0.65576171875 0.81298828125 0.6484375 0.818359375 0.64013671875 0.830078125 0.47705078125 0.8173828125 0.45263671875 0.7998046875 0.44287109375 0.798828125 0.42822265625 0.79248046875 0.42578125 0.787109375 0.42822265625
6 0.87060546875 0.435546875 0.85888671875 0.4541015625 0.8349609375 0.47021484375 0.8212890625 0.62060546875 0.8212890625 0.64404296875 0.82666015625 0.6513671875 0.84033203125 0.658203125 0.8720703125 0.66162109375 0.88720703125 0.6591796875 0.8955078125 0.64697265625 0.9150390625 0.48583984375 0.9130859375 0.47314453125 0.8994140625 0.46337890625 0.88671875 0.43798828125 0.87939453125 0.4345703125 0.87060546875 0.435546875
6 0.921875 0.46240234375 0.900390625 0.64892578125 0.91845703125 0.6630859375 0.94921875 0.66650390625 0.95849609375 0.6640625 0.96484375 0.65478515625 0.9912109375 0.46435546875 0.98388671875 0.4560546875 0.96923828125 0.451171875 0.93408203125 0.4501953125 0.92626953125 0.453125 0.921875 0.46240234375