6 0.763020221875 0.1315133953125 0.7669302906250001 0.11748114999999999 0.7680147015625 0.10041875781250001 0.7635438421875 0.08853673906250001 0.740898296875 0.0794400984375 0.652426059375 0.06657900156249999 0.63636751875 0.0787212765625 0.621659840625 0.0801619875 0.6169442125 0.0892803140625 0.617374875 0.1049298765625 0.63133895625 0.11079188124999999 0.6425734265624999 0.12486440624999999 0.67837749375 0.13490913124999998 0.7503605265625 0.1442629390625 0.763020221875 0.1315133953125
6 0.7402414390625001 0.1961875125 0.7481576234375 0.179363690625 0.7494465234375001 0.15644549218749998 0.745412525 0.146044465625 0.6618201265625 0.133353778125 0.6502789234375 0.1280649609375 0.6365812953125001 0.1285637875 0.609753028125 0.14130713125 0.6019390890625 0.15520305 0.60499711875 0.1655699953125 0.6184561765625001 0.17190294374999998 0.624913053125 0.1828771578125 0.6373620609375 0.190151990625 0.7297722484375 0.2021734453125 0.7402414390625001 0.1961875125
6 0.7130785546875 0.20452196250000002 0.7084032062500001 0.1984957484375 0.6315403359375 0.188971534375 0.6145863874999999 0.17079065 0.600219525 0.1624716859375 0.5806660921875 0.162766021875 0.5719102671875 0.1756518921875 0.5739923296875 0.1859847546875 0.58647541875 0.192283621875 0.598651775 0.20736619531249997 0.60349753125 0.2085125703125 0.699845671875 0.21969438437500002 0.70933889375 0.21367436875 0.7130785546875 0.20452196250000002
6 0.5324873578125 0.28322830312499997 0.5489083984375001 0.288687528125 0.6881991140625 0.301368928125 0.6971191484375 0.2977717921875 0.7047626796875 0.28875571093749997 0.71093141875 0.266007921875 0.711981746875 0.249921496875 0.7076472140625001 0.2341356078125 0.6957373125 0.2254138625 0.6811659609375 0.22295070468749997 0.546857328125 0.207511809375 0.532013325 0.212856390625 0.5147061640625 0.232772325 0.5049464875 0.232431509375 0.4993912171875 0.2376118828125 0.5000263703125001 0.24740564062499998 0.5143932312499999 0.2557246046875 0.5258600734375001 0.2771339265625 0.5324873578125 0.28322830312499997
6 0.6036834453125001 0.09126013125 0.6207179546875 0.0791519390625 0.633473696875 0.0776430640625 0.6573740609375001 0.06479747500000001 0.7030059671875 0.0732310796875 0.70788580625 0.0734014875 0.710984115625 0.06862389375 0.7111266406250001 0.050551453125 0.703222853125 0.0390381328125 0.61872265 0.0243614265625 0.5606417359375 0.0086529875 0.5440162046875 0.0090495703125 0.5217951234375 0.0297710625 0.502241690625 0.0300654 0.49665233906250006 0.036221740625 0.497219328125 0.047967434375 0.516063246875 0.0539998453125 0.5336182671875 0.0829504546875 0.56262464375 0.0917806421875 0.6036834453125001 0.09126013125
6 0.5014082265625001 0.1658612234375 0.5705996828125001 0.171208915625 0.5807001734374999 0.16179005468750002 0.5974279484375 0.1584655703125 0.6084083625 0.13784012343750002 0.6118412890625 0.137471425 0.603534721875 0.12350114375000001 0.5885946734374999 0.1176050578125 0.5908874234375 0.1079135453125 0.5868534249999999 0.09751251875 0.51605085 0.0823369875 0.49451140000000005 0.0835391296875 0.468250121875 0.1080281671875 0.45169275468750003 0.1064728125 0.44701120781250003 0.11461517031249999 0.45003515624999996 0.1259580828125 0.4635964578125 0.129363128125 0.485997234375 0.1594601125 0.5014082265625001 0.1658612234375
6 0.513764278125 0.231762275 0.535009390625 0.2110067 0.5439294265625 0.2074095640625 0.5965635140625001 0.211201903125 0.59064574375 0.198780778125 0.5725795 0.18446968125000002 0.56945330625 0.17605467187499999 0.5335129125 0.1699138171875 0.5013059828124999 0.1687891265625 0.48100275468750003 0.19055475 0.472287209375 0.18829608125 0.46474592187499997 0.19438425937499998 0.46440510625 0.204143934375 0.4793792375 0.209064053125 0.4870444546875 0.227409146875 0.4950504859375 0.2359945640625 0.513764278125 0.231762275
6 0.6218890828125 0.32543659062499997 0.6453463875 0.3252785796875 0.65786975625 0.3164329078125 0.6615753359375 0.3082564671875 0.659896053125 0.3003805640625 0.53342924375 0.284238353125 0.5244131624999999 0.2765948203125 0.512441296875 0.25565644062500004 0.49861354062499996 0.24589056718750002 0.47949077031250004 0.26183446718750003 0.4687551265625 0.2614595703125 0.4642099046875 0.2656980578125 0.46481097499999996 0.2764677828125 0.47689128593749996 0.2803096875 0.48926593125 0.303705028125 0.49831609375 0.3103725921875 0.6218890828125 0.32543659062499997
6 0.44662078281250006 0.3916257609375 0.640667928125 0.40328782500000004 0.653089053125 0.3973700546875 0.6622197765625 0.37374854218750003 0.6618293937499999 0.34295444062499997 0.6491480125 0.328342809375 0.4932658484375 0.315082021875 0.47580067656249997 0.3115406515625 0.45467020468749997 0.30103118125 0.4303050953125 0.29920317500000004 0.4275414015625 0.3083896640625 0.4155912203125 0.3148124578125 0.40682919531249995 0.3418668984375 0.40789501093749997 0.3673102203125 0.424350134375 0.3717934765625 0.425251740625 0.38794806406250004 0.44662078281250006 0.3916257609375
6 0.6456933796875 0.4552526796875 0.6454393234375 0.42055470625 0.635719928125 0.40506935312500003 0.46314406874999997 0.3941570828125 0.43974253125 0.4207003 0.431934790625 0.420427646875 0.42641360156249997 0.424632053125 0.42715099843750004 0.43149790781249997 0.44061005625 0.4378308546875 0.45584444218750003 0.46328037499999997 0.4722314015625 0.46971556718749996 0.630269990625 0.47718871093750004 0.640841425 0.468274875 0.6456933796875 0.4552526796875
6 0.268573303125 0.42547167343750003 0.315249340625 0.4319874265625 0.421629809375 0.43570231406250004 0.425505796875 0.42264603593750005 0.43785875937499996 0.4186802015625 0.4561759703125 0.3978223828125 0.45537040937500006 0.3929084625 0.424241690625 0.38888995 0.4223300359375 0.3736772484375 0.409273759375 0.3698012609375 0.40268055625 0.3627309171875 0.3013844140625 0.35333063125 0.273989159375 0.354328284375 0.25584235624999996 0.370306265625 0.23510846562499998 0.3764223265625 0.23039283593749998 0.3855406515625 0.23338270312499998 0.39785953125 0.2498037453125 0.40331875625 0.268573303125 0.42547167343750003
6 0.43788973125 0.5017396921875 0.4623354 0.473278621875 0.46294266874999995 0.469879775 0.4351570296875 0.4400833265625 0.352302028125 0.4342584921875 0.3395122046875 0.436743334375 0.3272893703125 0.45097387031249997 0.3054772671875 0.45998375312500006 0.302475003125 0.4760020140625 0.31926474374999997 0.484894165625 0.341870009375 0.5091353453125 0.41112962656249996 0.5125311015625 0.42385128749999995 0.5119981953125 0.43102387656249996 0.5024770890625 0.43788973125 0.5017396921875
6 0.629461321875 0.55631025 0.6441070343749999 0.5426529015625 0.648051184375 0.5276446890625001 0.64755855625 0.49977849062499996 0.64116984375 0.48685234062499994 0.634037534375 0.48122890781249994 0.464253253125 0.4743227515625 0.4435131640625 0.49460738437499996 0.440312609375 0.5023128796874999 0.42997974531249994 0.50439494375 0.42634232812499995 0.510619446875 0.4285607171875 0.517048440625 0.44064102812500006 0.520890346875 0.458735153125 0.5483940453125 0.4879119375 0.55234439375 0.629461321875 0.55631025
6 0.46541820312500004 0.580873628125 0.616897671875 0.5803004625 0.617040196875 0.5622280203125001 0.6108838546875 0.55663866875 0.46644065 0.5515945999999999 0.4492481296875 0.5402454890625 0.436424225 0.5437063 0.41951984375 0.5660791921875 0.40420489687499994 0.5709187515624999 0.40150936562500006 0.5781533046875 0.4047037234375 0.584616378125 0.41638125312499996 0.586001325 0.4322229078125 0.6080519984375 0.440972534375 0.6093347 0.46541820312500004 0.580873628125
6 0.650151821875 0.6493741859375 0.654095971875 0.6343659734375 0.652763703125 0.6025618234375 0.6454331046874999 0.5886256249999999 0.6363488609375 0.5829340281250001 0.465384121875 0.5818495968749999 0.44437138125000003 0.6099419687500001 0.4310424515625 0.613873721875 0.4283810015625 0.6201323078125001 0.430599390625 0.6265613015625 0.44517074218749997 0.629024459375 0.4628620875 0.6540711984375001 0.47834124375 0.6585203734375 0.6375943703125 0.6591958265625 0.650151821875 0.6493741859375
6 0.4800514984375 0.7494557687500001 0.63065724375 0.7459206171874999 0.6470844828125 0.7372112703125 0.6508582265625 0.727082896875 0.6506723328125 0.6904329890625001 0.6415261234375 0.67252475625 0.634325653125 0.6688532578124999 0.46325866875 0.6706967296874999 0.44049848281250004 0.6928651343750001 0.4382398125 0.7015806796875 0.424979046875 0.703560496875 0.42130754843749996 0.71076096875 0.4255119546875 0.7162821578125 0.437189484375 0.7176671046875 0.4449569453125 0.7330842953125 0.4615762765625 0.746856284375 0.4800514984375 0.7494557687500001
6 0.4655452015625 0.829076134375 0.6289407687499999 0.8230561406250001 0.6374239421875 0.8179780109375001 0.6453060453125 0.8021301578125 0.6458916296874999 0.7713701375 0.6387314374999999 0.7525541 0.6306231625 0.7468965859375001 0.4975507515625 0.752021171875 0.4575701625 0.7496478609375 0.44295853125000006 0.7623292421875 0.43255130625 0.7805318109375 0.4182464078125 0.7844294828125 0.41561904062500005 0.7897121 0.4178374296875 0.79614109375 0.4324428625 0.797628284375 0.4415890703125 0.8155365171875 0.4655452015625 0.829076134375
6 0.6330801015625 0.9003961515625001 0.6455693890624999 0.8925264468749999 0.648537571875 0.8774841515625 0.6462293359375 0.8456459203125 0.639874703125 0.831743803125 0.6327423953125 0.8261203687500001 0.609319171875 0.8253024124999999 0.4585430203125 0.8337174015625 0.44160455625 0.8570662625000001 0.42265219375 0.8681303249999999 0.42136949218749997 0.8768799515625 0.4245297671875 0.88431899375 0.449461865625 0.8978926921875001 0.45874439999999994 0.9118970546874999 0.471363815625 0.91429205 0.6330801015625 0.9003961515625001
6 0.634861628125 0.9053441531249999 0.44770202187499997 0.920305865625 0.4382769625 0.9243739453125001 0.43507640781249995 0.9320794421875 0.43482544062499995 0.96724835625 0.43919405468750006 0.982058278125 0.44723416718750003 0.9896677281249999 0.638468053125 0.9699625031249999 0.647961275 0.9639424890624999 0.65072496875 0.954756 0.6483826500000001 0.9238937359375001 0.634861628125 0.9053441531249999