6 0.0781696546875 0.606246925 0.095233534375 0.5356928703125 0.09868700625 0.4986671859375 0.0895752453125 0.4831357640625 0.08910687187500001 0.467998415625 0.0746510828125 0.46198805624999995 0.0644484625 0.463122759375 0.05783268125 0.47633725312499997 0.040742025 0.48697779218750004 0.021043278125000002 0.5741827453125 0.0214202875 0.5985841265625 0.03091089375 0.60701616875 0.047228628125 0.6121183984375 0.061730099999999996 0.6134967421875 0.0781696546875 0.606246925
6 0.1396119484375 0.6077793828125 0.161505803125 0.5171989359375 0.1591754875 0.50296971875 0.1512441125 0.49300889843749995 0.1501550921875 0.4781742609375 0.1415726140625 0.4716041625 0.1257993921875 0.4739192515625 0.10428806406249999 0.4943987890625 0.098913578125 0.5070078640625 0.09971511562499999 0.519677846875 0.0816060578125 0.6022660109375 0.089870596875 0.6097594671875 0.11172847968749999 0.6167693234375 0.1302717765625 0.6154080468750001 0.1396119484375 0.6077793828125
6 0.19078284375000001 0.49216351718749995 0.1914491734375 0.48722878906249995 0.18173199375 0.4704560703125 0.180325034375 0.45654479062500003 0.1714246203125 0.45089805156249996 0.1562568171875 0.4544544359375 0.14897470625 0.4726036578125 0.15159250468750002 0.48899752812499997 0.162490071875 0.5113408500000001 0.14383650312500001 0.58651169375 0.1477869625 0.5930361093750001 0.1576716453125 0.5928247640625 0.1666938796875 0.5861194578125 0.19078284375000001 0.49216351718749995
6 0.17738009999999999 0.5985780968750001 0.190564140625 0.6082818890625 0.20595851562499998 0.61306618125 0.229406084375 0.6154592484375 0.24056251875 0.6115544703125 0.24711738906249997 0.604516 0.285195609375 0.46993230625000004 0.285983759375 0.45264553281250003 0.282669175 0.4442744 0.2667911984375 0.425896765625 0.2641734 0.40950289531250006 0.25525775781250004 0.4054001609375 0.24843063124999998 0.40872997343749995 0.2452512546875 0.417963553125 0.220455796875 0.42698394687499996 0.21014658437499997 0.43892669218749997 0.1764281265625 0.5698474078125 0.173505778125 0.5843336531250001 0.17738009999999999 0.5985780968750001
6 0 0.5291431328125 0.0047426125 0.5360357453125 0.021665765625 0.5423792703125 0.02723636875 0.541198884375 0.0288260578125 0.5365820953125 0.037305620312499996 0.49095870625 0.0578631359375 0.47324924218750003 0.0638430421875 0.46188146249999995 0.0812516359375 0.4503175671875 0.0964517328125 0.41217240625 0.0986029984375 0.381928165625 0.0778664328125 0.355164171875 0.0789877484375 0.335410034375 0.0682253890625 0.330671425 0.06047490625 0.3336832984375 0.0531927953125 0.35183252187499997 0.025884290625 0.36515176875 0.0195559921875 0.3805309171875 0.013406745312500001 0.44038352343750004 0 0.5084247578125 0 0.5291431328125
6 0.1112540765625 0.4456721609375 0.11140451093749999 0.46173286718749995 0.121470084375 0.47449421562499994 0.1230445453125 0.47142143281250004 0.1462350875 0.46856183281249997 0.155333459375 0.4541364984375 0.16774641562499998 0.44808229375 0.1875499140625 0.3815700640625 0.18709676875 0.36488871093749997 0.1670265328125 0.33318998906249997 0.1687075859375 0.319309165625 0.1592017515625 0.3124211296875 0.1499224890625 0.31387377031249997 0.14544090781250002 0.32988879375 0.1131672203125 0.345629721875 0.1043258765625 0.365307721875 0.09312008125 0.43684604531250004 0.10138462031249999 0.44433950156249996 0.1112540765625 0.4456721609375
6 0.19577848125 0.48665382343749997 0.2111003984375 0.43615661718750004 0.21765526875000002 0.42911814687499994 0.24464583437499998 0.41672225625000003 0.255303440625 0.40076814374999997 0.25015736718750003 0.39021713125 0.2357777140625 0.376486740625 0.2365506375 0.36074397343750003 0.22731705781249997 0.357564596875 0.2189306984375 0.3624231859375 0.217915975 0.371369284375 0.1903199890625 0.382523878125 0.179828046875 0.412994690625 0.17268114375000002 0.448748625 0.1794169046875 0.45468284687500005 0.1863031 0.4766777765625 0.19577848125 0.48665382343749997
6 0.2630885703125 0.582128834375 0.27204989375 0.5815995515625 0.284796015625 0.573077984375 0.2933498765625 0.55123533125 0.323571021875 0.430471553125 0.3205896015625 0.4196330578125 0.303182846875 0.39969618906250004 0.303925315625 0.3870414328125 0.294086315625 0.38262076093749997 0.288500484375 0.385345153125 0.2850031703125 0.395502090625 0.26326526875 0.4076409515625 0.26742707499999996 0.42405004999999996 0.282684403125 0.44273039531249997 0.28658917968750003 0.45388682812500003 0.25633758125 0.5777386171875001 0.2630885703125 0.582128834375
6 0.3239997421875 0.60620073125 0.3493244828125 0.6061416609375 0.3593005296875 0.59666628125 0.4179533328125 0.41132835468750006 0.4221778859375 0.39006066562499997 0.4074193859375 0.3834296578125 0.4091308953125 0.3664608203125 0.3857594625 0.3563477265625 0.3573619375 0.35483233593749997 0.3470831796875 0.3636870671875 0.337516434375 0.3629750546875 0.3304913515625 0.38637694218749996 0.332730303125 0.4098701953125 0.3297775 0.42744445156250005 0.2862943390625 0.5777252296875 0.295390871875 0.5948006578125 0.3239997421875 0.60620073125
6 0.481678421875 0.46322280937500004 0.4815432140625 0.4456180984375 0.46324355625 0.42227528124999997 0.4621545359375 0.40744064375000005 0.45600896718749995 0.40429172187500007 0.45010519843749996 0.40793947187499996 0.4475616984375 0.4153263359375 0.4143951078125 0.427661315625 0.362736934375 0.5926853671875 0.3737106375 0.607308659375 0.40601293906249997 0.6199804828125 0.4199089921875 0.6201175296875 0.43201923750000004 0.613442678125 0.481678421875 0.46322280937500004
6 0.42341918281249996 0.38945524531250003 0.41601525156249997 0.4199565140625 0.42031410312500006 0.42246955937499997 0.44635085781250006 0.41284374375 0.4544801890625 0.4027324890625 0.468058303125 0.40379289375000005 0.5027135078125 0.3031468734375 0.513357725 0.257236003125 0.4994026015625 0.2317742140625 0.5001907515624999 0.214487440625 0.48976155937500004 0.20728146718749998 0.47955893906249997 0.20841617031249998 0.4664187421875 0.225581125 0.444998778125 0.23679662812500002 0.4342498078125 0.2620147765625 0.406724440625 0.3599516328125 0.41096238281249997 0.3686407015625 0.409901978125 0.3822188171875 0.42341918281249996 0.38945524531250003
6 0.52703139375 0.43649295 0.5384905375 0.4332088203125 0.543547084375 0.4215231046875 0.5651973 0.35564675 0.5506672125 0.3258556546875 0.548382578125 0.3069944203125 0.532352328125 0.30405684375 0.51612411875 0.32119134374999997 0.4984584984375 0.327502575 0.491555234375 0.338552415625 0.4673006078125 0.41799165625 0.4851605078125 0.45460987812500003 0.48855122968750003 0.45526098125000003 0.5238824734375 0.44263851875000004 0.52703139375 0.43649295
6 0.48817657187499996 0.6498209390625 0.506175359375 0.64104234375 0.5531996765625 0.507473375 0.5599677328125 0.478818821875 0.540775171875 0.45207005625 0.5415176390625 0.43941529843750005 0.53631065625 0.435040309375 0.5291960484375 0.4362054671875 0.5235493078125 0.4451058828125 0.5152086312499999 0.4453324546875 0.48883871250000005 0.457425634375 0.43444091875 0.6184078609375 0.43713485625 0.627081703125 0.44691294531250003 0.6376783984375 0.47275174218749993 0.6481246578125 0.48817657187499996 0.6498209390625
6 0.6232262875 0.484075165625 0.6251643687499999 0.47544700625 0.6102554328124999 0.45275529218750005 0.6131473265625 0.441357059375 0.60825828125 0.43605871093750004 0.6005382531250001 0.43598257343749997 0.59053175 0.448545965625 0.563586865625 0.4563098375 0.5557602453125 0.46704174062500003 0.5601943046875 0.4871594984375 0.5131395328125 0.6238164796875 0.51615140625 0.6315669640625 0.5330745609374999 0.6379104890625 0.58789504375 0.496697628125 0.6232262875 0.484075165625
6 0.5993126953125001 0.68550609375 0.655753321875 0.5365884296875 0.65714689375 0.5205429515625 0.640103759375 0.49505070937499995 0.6430261078124999 0.48056446406250003 0.637819125 0.476189475 0.631022453125 0.47643127500000004 0.622575184375 0.4874658875 0.5888184015625 0.49701556562500004 0.5285625234375 0.657013525 0.530620584375 0.6675340828125 0.5410040953124999 0.6793720734375001 0.5702183859375001 0.6920134421874999 0.585643215625 0.6937097234375 0.5993126953125001 0.68550609375
6 0.6579373937499999 0.7222175187500001 0.668745434375 0.7223241109375 0.68276330625 0.7101091125 0.7400359265625001 0.570773421875 0.7442300265624999 0.5525937453124999 0.737328603125 0.5321428218750001 0.7257190234374999 0.5193662453125001 0.7286109171875 0.5079680125 0.72496316875 0.50206424375 0.7169252015625001 0.5029114640625 0.7103246484375 0.514581953125 0.7013785515625 0.5135672296875 0.672526040625 0.52687125 0.6095000890625 0.6859153953125 0.610347309375 0.6939533625000001 0.6237883765625 0.7089098203125 0.6579373937499999 0.7222175187500001
6 0.7299897718749999 0.74392864375 0.7476097109375 0.74224943125 0.75539065 0.7361495453125 0.8195665328124999 0.5857640140625 0.8155113203125 0.558546875 0.802070253125 0.5435904171875 0.8059159609375 0.529422109375 0.8007089781250001 0.5250471203125 0.7948356640625 0.5256068578125 0.7860704578125 0.5375648281250001 0.7653472796874999 0.54075759375 0.7482718515625 0.5498541265625 0.736159765625 0.588029740625 0.6836866640625 0.7104270500000001 0.6860626640625 0.72002425 0.7010629640625 0.7334519296875001 0.7299897718749999 0.74392864375
6 0.8142876031249999 0.7765696296875 0.8261103671875001 0.767730125 0.8970372390625 0.6217348109375 0.8993237125 0.60909528125 0.8895760781250001 0.595410575 0.885838803125 0.567270078125 0.8800264 0.5616537921875 0.871398240625 0.5597157109374999 0.8542771281249999 0.5734442609375 0.8264088875000001 0.5808901953125 0.7645194765625 0.7186361984375 0.7568889734375001 0.7407967890625 0.759582909375 0.74947063125 0.7702843578125 0.7603852640625 0.7991807109375 0.773949990625 0.8142876031249999 0.7765696296875
6 0.95957039375 0.6066011421875 0.92664744375 0.594232028125 0.9183067671874999 0.5944586015625 0.9111312484375 0.6017997828125 0.83009128125 0.7711665296875 0.8425633078124999 0.7904370671875001 0.870536303125 0.8036838562499999 0.8801030484375 0.80439586875 0.8891252828124999 0.7976905624999999 0.9760537906250001 0.626220071875 0.9718310750000001 0.615986996875 0.95957039375 0.6066011421875