6 0.9843116734375 0.4814305484375 0.9483353578125 0.39958649375 0.9295283953125001 0.39240250312499997 0.9205127203125001 0.380693146875 0.9102810390625 0.38152604375 0.8972376734375 0.39018427031249997 0.8996662484375 0.40513287187499997 0.89368543125 0.42211754375000005 0.9041402859375 0.45780400937500004 0.9343530031249999 0.5238058453125001 0.951873846875 0.5277856484375001 0.9658458859374999 0.5236656171875 0.980890265625 0.515543559375 0.98859759375 0.50545554375 0.9843116734375 0.4814305484375
6 0.896685234375 0.442938353125 0.8950544984375 0.43034821250000005 0.8873728312500001 0.41899630156249995 0.8623490468749999 0.4029975859375 0.8464238843749999 0.40373470468750006 0.8392527234375 0.41182170625000003 0.84101429375 0.426591584375 0.8351292546875 0.43788277343750004 0.8355568171875 0.4522952046875 0.8743319843749999 0.537033890625 0.8849561687499999 0.5427402046875 0.9034185156250001 0.54053824375 0.9235372640625 0.5294864968749999 0.9302201421875 0.5205537687499999 0.896685234375 0.442938353125
6 0.8399068984375001 0.422720390625 0.8393485015625 0.406128221875 0.8287371484375001 0.3897019453125 0.8131694312500001 0.3891050546875 0.805509990625 0.3963463265625 0.8067832796875001 0.4102704765625 0.8004450171874999 0.428589159375 0.8020406953125001 0.43330608125000003 0.843614715625 0.5209393953125 0.85375061875 0.5257999828125001 0.86349401875 0.5241213578125 0.8661269796875001 0.51696303125 0.83347285625 0.44673255625 0.8399068984375001 0.422720390625
6 0.8365872234375 0.520486171875 0.8309544609374999 0.506823690625 0.77287465625 0.3847421421875 0.76047606875 0.374985909375 0.7344150015625 0.37086244218750003 0.7295321890625 0.3624051625 0.7221951375 0.3604392046875 0.7142261390625 0.36616774531249996 0.7147845359375 0.3827599140625 0.7027049 0.403829559375 0.7010485015625 0.41267934375 0.7051206421875 0.429498125 0.7681790375 0.5543434703125001 0.7759564796875 0.5600018953125 0.78765300625 0.561706184375 0.8102131578125 0.5548830765625 0.824411809375 0.5472493 0.8355020515625 0.5352081609375 0.8365872234375 0.520486171875
6 0.97193875 0.45023439062500004 0.9776322328125 0.45033016875 0.993034059375 0.44087410312499997 0.9963743640624999 0.43320319375 0.9924211109375 0.4128654734375 0.9662778062499999 0.3486324765625 0.9488211218749999 0.2910528625 0.9396746125 0.27716376875000004 0.9103264109375001 0.26929994218750003 0.8997150578124999 0.2528736625 0.8915322796874999 0.2513959875 0.8818718249999999 0.258101090625 0.8867418062500001 0.27727833281250003 0.871493040625 0.30750731875000004 0.8793756546875 0.3367854078125 0.9015749218750001 0.37132941875 0.920870165625 0.37935913593750004 0.9289092796875 0.38937703749999997 0.9524682203125 0.40283857031250003 0.9694973421874999 0.446005753125 0.97193875 0.45023439062500004
6 0.88067116875 0.36930274218750003 0.8873540453125001 0.3603700125 0.8627039765625 0.292284215625 0.850270334375 0.2746547640625 0.8155860953125 0.2653611515625 0.8081310421874999 0.2504954953125 0.7987450890625001 0.25084011093749997 0.790728203125 0.2594153921875 0.79502695625 0.2727204265625 0.78137386875 0.307666334375 0.784112 0.32412766875 0.8162427843750001 0.3856391953125 0.8295828765625 0.3892136640625 0.8412665703125001 0.4016379125 0.8645766734375 0.40002000937500004 0.8667085218749999 0.402735915625 0.8741541828124999 0.3882884265625 0.8712373250000001 0.372494096875 0.88067116875 0.36930274218750003
6 0.8115258640624999 0.387234875 0.797688096875 0.353501534375 0.781574815625 0.3255925140625 0.75235745 0.3199084234375 0.7496543734375 0.31132030781250003 0.7404950328125001 0.30815117812500004 0.732037753125 0.31303399062500004 0.7358003375 0.32834003749999996 0.7243047609375 0.3445619296875 0.7212664640625001 0.3559010078125 0.7347724484375 0.36952843125 0.76363236875 0.37654653125 0.7714098109374999 0.3822049578125 0.7960855421875 0.428850828125 0.8034833140625001 0.41725008125 0.8060461609375 0.3943453125 0.8115258640624999 0.387234875
6 0.7023953421875 0.402316828125 0.713807971875 0.3810684578125 0.7147623109375 0.36416673125 0.6911075906249999 0.3563986828125 0.6857364984375 0.347095675 0.6797334546875 0.345487165625 0.6709187296875 0.3517039859375 0.6740621984375 0.36398456874999996 0.6607793890625 0.38687650625000003 0.659920828125 0.39808475 0.712629540625 0.5108632921875 0.7251940171875 0.5306724796875 0.73933195 0.5366054078125 0.7482296203125001 0.5354150640625 0.75401888125 0.5298173578125 0.7006910546875 0.414013353125 0.7023953421875 0.402316828125
6 0.6532507812499999 0.3962975171875 0.6469989046875 0.37960957031250003 0.6447139953125001 0.3561207421875 0.6333526921875 0.3344892625 0.6240975734374999 0.3370136140625 0.612318103125 0.33028285 0.5847314703125 0.3371889015625 0.56371910625 0.35157566875 0.568636978125 0.36790616875 0.5554148890625 0.3772314015625 0.563619890625 0.3973022609375 0.6565592203125 0.568043525 0.6681599671875 0.5754412953125 0.6930306921875 0.5706670921875 0.7189387 0.5540176406249999 0.7246099593750001 0.5355202359375 0.6532507812499999 0.3962975171875
6 0.5702292171875001 0.412656196875 0.535318365625 0.4068763296875 0.5314121171874999 0.40011050625 0.52492079375 0.3976562671875 0.519488978125 0.401919965625 0.5212505484375 0.41668984375000007 0.5077411265625 0.4430955265625 0.510967540625 0.46040258749999996 0.5883776484375 0.598387075 0.601539015625 0.602628546875 0.615153609375 0.5998425265625 0.644444528125 0.58123995 0.6524263578125 0.5647914484375 0.5702292171875001 0.412656196875
6 0.5659689578125 0.3671912765625 0.562337209375 0.3540649640625 0.5648393359375 0.3447269 0.5191324546875 0.2538415078125 0.5037691234375 0.23113768750000002 0.4806026859375 0.22421536718750001 0.4644286828125 0.2098730484375 0.454197003125 0.21070594374999999 0.4453343890625 0.21976950781250001 0.4494065296875 0.2365882875 0.44056613906250003 0.26424503593750004 0.45977499999999993 0.30728138125000004 0.5129976562499999 0.3994657265625 0.5261239671875 0.395833978125 0.536033259375 0.4042083109375 0.5634283375 0.4086892265625 0.5671686953124999 0.4054020921875 0.554080878125 0.3768739546875 0.5659689578125 0.3671912765625
6 0.47748395937500004 0.339907325 0.46859911875 0.33037770625 0.4500538265625 0.32755318906249997 0.4308543578125 0.3138299859375 0.4156791453125 0.3197723078125 0.41703537968750004 0.3387229359375 0.408456659375 0.3707391578125 0.4422789 0.431274121875 0.449472284375 0.441780303125 0.4613475328125 0.4428175859375 0.46561122812500005 0.4482494015625 0.5027018171875001 0.453898434375 0.5059060046875 0.45261231406249997 0.5164506828125 0.41325904218750004 0.47748395937500004 0.339907325
6 0.5869478609375001 0.6037231125 0.5028326515625 0.45607817187500005 0.474639734375 0.4492387953125 0.46640906718749997 0.45060786249999996 0.45916779375 0.442948421875 0.45196157968749995 0.44316220156249997 0.44768505156250005 0.4484503484375 0.45082851875 0.460730934375 0.43709248437500003 0.4906503625 0.4492037390625 0.5174870453125 0.520850246875 0.6396293125 0.54019338125 0.644812290625 0.5550111484375 0.640203978125 0.5783819734375 0.6250193703125 0.585958465625 0.6127516187500001 0.5869478609375001 0.6037231125
6 0.4384615515625 0.49888102968750003 0.4389754953125 0.47828683281249995 0.429244928125 0.4692454953125 0.40131368125 0.46676559375000004 0.38909381718749997 0.45634235624999997 0.38153015468749996 0.45789014687499996 0.3777419078125 0.4640240234375 0.3827555546875 0.4746610390625 0.372450321875 0.4997806015625 0.375999125 0.507880434375 0.41308971406249995 0.5135294671875 0.49384767343749997 0.641687609375 0.5092495015625 0.6322315421875 0.510727175 0.6240487625 0.4384615515625 0.49888102968750003
6 0.50192184375 0.65957873125 0.41224398593749995 0.5140177484375 0.3772852453125 0.511084621875 0.3668876734375 0.5018645609375 0.36016973750000003 0.5029240703125 0.355893209375 0.5082122171875 0.361525971875 0.5218746999999999 0.3496601171875 0.5501505609375 0.35408970625 0.5656353328125 0.43790819062499997 0.7010475796875 0.45289184843749997 0.7064922265625 0.467709615625 0.7018839140625001 0.4939750703125 0.6839004531249999 0.5019090125 0.6702986921874999 0.50192184375 0.65957873125
6 0.427986065625 0.7033932078125 0.335771025 0.5592970703125 0.3049100890625 0.5517428 0.296321975 0.5544458765625 0.287615859375 0.5442492515625 0.27956391406250003 0.5449513140625 0.277109678125 0.5514426375 0.28212332500000004 0.562079653125 0.27316493125 0.5768367 0.27029252656249997 0.5982287359375 0.277878415625 0.615274128125 0.3606852796875 0.7411216984375 0.376776334375 0.7504375375000001 0.3873654625 0.7482706328125001 0.4183478375 0.72869149375 0.428688128125 0.7114451515625 0.427986065625 0.7033932078125
6 0.3598395515625 0.7416099796875 0.28497602031249997 0.63147379375 0.26580221718749997 0.5963106687499999 0.2473048125 0.590639409375 0.22635316875 0.5914594734375 0.215467315625 0.5813936843749999 0.209595109375 0.5819649124999999 0.20531857968749997 0.5872530593749999 0.21179707187500002 0.600427259375 0.20145678125000002 0.6176736015625 0.20266935 0.6451644562500001 0.294361053125 0.7805416468749999 0.303162946875 0.7850447875000001 0.3207795671875 0.7833311046875 0.34717585781250004 0.7675273828125 0.3593384375 0.7514842140625 0.3598395515625 0.7416099796875
6 0.29377699375 0.7853894 0.2820582453125 0.76509193125 0.195022740625 0.6416857671875 0.16624576562499999 0.6396941453125 0.1468196859375 0.629484690625 0.138719853125 0.63303349375 0.134085878125 0.6396556515625 0.13578672812499998 0.667992234375 0.12882935 0.68328545 0.13348555 0.6952564765625 0.23096651562499998 0.825035959375 0.24425871875 0.8314571687500001 0.258588203125 0.8260031281250001 0.284365378125 0.807173940625 0.2927876 0.7944179078125 0.29377699375 0.7853894
6 0.1158467046875 0.678376975 0.10740225781249998 0.672539825 0.099171590625 0.673908890625 0.069213665625 0.69233274375 0.05896915312499999 0.703885603125 0.0567765828125 0.7147363984374999 0.17482608125000001 0.8664697531250001 0.184961984375 0.871330340625 0.1942171046875 0.8688059875 0.21914855000000003 0.85046508125 0.22771443906250002 0.829168821875 0.1158467046875 0.678376975