10 0.45 0.57734375 0.26875 0.6078125
10 0.203125 0.4796875 0.3234375 0.6609375
10 0.34453125 0.4875 0.2484375 0.5546875
10 0.8 0.53125 0.4 0.225
10 0.7546875 0.33359375 0.3796875 0.2828125
10 0.84375 0.421875 0.3125 0.19375
10 0.89765625 0.23671875 0.1640625 0.19375
11 0.971875 0.51640625 0.05625 0.0984375
11 0.87734375 0.25546875 0.0984375 0.096875
11 0.4375 0.84765625 0.0703125 0.0578125
11 0.3453125 0.7390625 0.05 0.0375
11 0.196875 0.778125 0.084375 0.046875
9 0.35390625 0.453125 0.621875 0.684375