10 0.4296875 0.559375 0.5875 0.1984375
10 0.55625 0.7921875 0.6359375 0.2484375
10 0.53125 0.653125 0.5359375 0.184375
10 0.43125 0.1984375 0.178125 0.3953125
10 0.634375 0.2265625 0.2421875 0.353125
10 0.534375 0.1484375 0.159375 0.296875
10 0.7125 0.0734375 0.178125 0.14375
11 0.425 0.028125 0.0921875 0.0546875
11 0.696875 0.0953125 0.0859375 0.0890625
11 0.1625 0.6046875 0.05 0.0640625
11 0.28125 0.6828125 0.03125 0.046875
11 0.2609375 0.834375 0.0375 0.0796875
9 0.5640625 0.6390625 0.621875 0.55