10 0.5625 0.496875 0.246875 0.7390625
10 0.790625 0.534375 0.2828125 0.65625
10 0.68125 0.55625 0.165625 0.6203125
10 0.20078125 0.4546875 0.4015625 0.21875
10 0.23828125 0.6578125 0.3671875 0.24375
10 0.13984375 0.56640625 0.2796875 0.1765625
10 0.0984375 0.73671875 0.178125 0.190625
11 0.02578125 0.45546875 0.0515625 0.0828125
11 0.11015625 0.728125 0.1 0.1
11 0.58203125 0.1546875 0.065625 0.053125
11 0.6671875 0.26875 0.05625 0.0390625
11 0.82265625 0.234375 0.0765625 0.0515625
9 0.63984375 0.55625 0.6 0.65625