10 0.5015625 0.5625 0.7265625 0.196875
10 0.5546875 0.7875 0.640625 0.2390625
10 0.56875 0.6765625 0.6125 0.1234375
10 0.434375 0.2 0.1921875 0.3984375
10 0.6390625 0.228125 0.2203125 0.353125
10 0.5421875 0.1359375 0.1578125 0.2703125
10 0.7078125 0.0828125 0.1796875 0.165625
11 0.421875 0.0265625 0.0796875 0.053125
11 0.7 0.0953125 0.09375 0.09375
11 0.1609375 0.60625 0.0484375 0.0625
11 0.28125 0.6828125 0.0359375 0.053125
11 0.2578125 0.840625 0.046875 0.0734375
9 0.565625 0.6359375 0.61875 0.5578125