3 0.26171875 0.678125 0.31875 0.25625
12 0.06015625 0.52734375 0.1203125 0.1484375
14 0.2609375 0.46640625 0.178125 0.1765625
14 0.15625 0.55703125 0.1515625 0.1109375
17 0.36328125 0.490625 0.0375 0.0359375
9 0.41171875 0.80390625 0.2203125 0.1703125
9 0.43984375 0.66875 0.1359375 0.121875
9 0.58359375 0.50859375 0.4875 0.6859375
9 0.24765625 0.78984375 0.2890625 0.1984375
9 0.08359375 0.6390625 0.140625 0.1328125
9 0.3109375 0.57109375 0.1671875 0.1296875
9 0.3421875 0.3671875 0.2390625 0.3
9 0.14921875 0.43828125 0.1078125 0.146875
9 0.15 0.41953125 0.184375 0.1984375