1 0.821875 0.434375 0.09375 0.1453125
10 0.7609375 0.3625 0.05625 0.0875
10 0.8734375 0.3484375 0.0390625 0.0453125
10 0.3640625 0.528125 0.20625 0.078125
10 0.3859375 0.5796875 0.1921875 0.071875
10 0.375 0.6109375 0.121875 0.0515625
10 0.3515625 0.4234375 0.109375 0.1640625
10 0.3078125 0.3109375 0.1171875 0.0625
10 0.2703125 0.3453125 0.0640625 0.0703125
10 0.29375 0.2046875 0.0578125 0.08125
10 0.3296875 0.2171875 0.0359375 0.0609375
10 0.328125 0.271875 0.0484375 0.0484375
10 0.28125 0.4015625 0.0671875 0.06875
10 0.303125 0.4546875 0.065625 0.0640625
10 0.321875 0.484375 0.0453125 0.0328125
11 0.3515625 0.321875 0.0140625 0.0265625
11 0.3109375 0.2609375 0.0171875 0.025
11 0.3125 0.353125 0.03125 0.021875
11 0.453125 0.54375 0.0234375 0.03125
11 0.4671875 0.5953125 0.0265625 0.028125
11 0.7640625 0.465625 0.028125 0.0265625
11 0.875 0.3421875 0.0328125 0.028125
11 0.89375 0.5171875 0.03125 0.028125
11 0.8734375 0.3875 0.01875 0.021875
11 0.784375 0.3984375 0.021875 0.025
9 0.3828125 0.4140625 0.765625 0.578125
9 0.7671875 0.628125 0.209375 0.225
9 0.84375 0.425 0.2625 0.28125
9 0.8921875 0.1890625 0.215625 0.1265625