3 0.29921875 0.47734375 0.2640625 0.2671875
3 0.33984375 0.27109375 0.296875 0.2109375
3 0.13984375 0.23671875 0.1546875 0.38125
3 0.1609375 0.58203125 0.2296875 0.365625
3 0.409375 0.11640625 0.29375 0.215625
3 0.6140625 0.28984375 0.2546875 0.21875
3 0.67890625 0.13671875 0.28125 0.18125
3 0.76875 0.2953125 0.209375 0.3453125
3 0.71171875 0.575 0.240625 0.2484375
3 0.7234375 0.77265625 0.2859375 0.1765625
3 0.37734375 0.75 0.19375 0.353125
3 0.534375 0.73828125 0.2078125 0.228125
3 0.396875 0.53203125 0.2015625 0.1859375
3 0.525 0.26640625 0.1703125 0.4296875