3 0.2984375 0.5125 0.2515625 0.2546875
3 0.328125 0.7203125 0.2875 0.196875
3 0.1265625 0.74375 0.1359375 0.375
3 0.165625 0.4 0.2109375 0.3546875
3 0.3890625 0.878125 0.2828125 0.2015625
3 0.603125 0.715625 0.24375 0.20625
3 0.659375 0.871875 0.2734375 0.1671875
3 0.7578125 0.71875 0.1921875 0.3359375
3 0.715625 0.4359375 0.228125 0.2375
3 0.7375 0.2390625 0.278125 0.1625
3 0.390625 0.24375 0.1765625 0.34375
3 0.546875 0.2640625 0.196875 0.21875
3 0.3984375 0.4625 0.1921875 0.1765625
3 0.5125 0.734375 0.1484375 0.421875