9 0.140625 0.64296875 0.28125 0.3328125
9 0.17578125 0.353125 0.171875 0.1453125
17 0.07109375 0.80234375 0.0984375 0.06875
14 0.09765625 0.246875 0.15 0.1265625
15 0.1546875 0.15234375 0.1078125 0.1015625
9 0.20625 0.21484375 0.1609375 0.15625
19 0.32734375 0.60625 0.1609375 0.19375
19 0.53203125 0.6921875 0.2109375 0.2328125
19 0.66953125 0.61875 0.19375 0.1640625
19 0.88359375 0.73359375 0.20625 0.2140625
10 0.54453125 0.5109375 0.215625 0.215625
14 0.14453125 0.33828125 0.09375 0.0828125
21 0.075 0.19609375 0.071875 0.0625
21 0.15390625 0.11640625 0.0421875 0.03125
11 0.48671875 0.4328125 0.0734375 0.06875