9 0.4125 0.146875 0.234375 0.290625
9 0.275 0.434375 0.3 0.596875
10 0.528125 0.5203125 0.1921875 0.190625
9 0.6640625 0.2078125 0.1046875 0.13125
14 0.7609375 0.146875 0.11875 0.11875
12 0.6734375 0.1828125 0.0609375 0.059375
15 0.8421875 0.1984375 0.0640625 0.096875
9 0.784375 0.24375 0.1296875 0.1390625
17 0.79375 0.371875 0.040625 0.0453125
19 0.340625 0.8140625 0.1734375 0.15625
19 0.434375 0.640625 0.1125 0.153125
9 0.271875 0.3921875 0.2203125 0.2078125
19 0.3734375 0.5109375 0.16875 0.1515625
17 0.25625 0.1296875 0.0921875 0.08125
21 0.8 0.1203125 0.0609375 0.05625
18 0.7765625 0.3359375 0.0625 0.05
11 0.6 0.4515625 0.0546875 0.0625