9 0.31875 0.1421875 0.3046875 0.2828125
9 0.6125 0.1625 0.1296875 0.159375
17 0.1546875 0.1046875 0.059375 0.0921875
14 0.709375 0.0734375 0.1125 0.1390625
15 0.809375 0.1203125 0.0921875 0.0984375
9 0.753125 0.178125 0.1421875 0.146875
19 0.3765625 0.3390625 0.1796875 0.1421875
19 0.3125 0.5515625 0.2140625 0.1890625
19 0.4 0.68125 0.1453125 0.1796875
19 0.3078125 0.90625 0.1953125 0.1875
10 0.49375 0.5453125 0.196875 0.196875
14 0.6234375 0.1296875 0.075 0.0859375
21 0.7578125 0.0453125 0.05625 0.065625
21 0.8453125 0.115625 0.0265625 0.0390625
11 0.565625 0.4796875 0.0625 0.0671875