10 0.4484375 0.4328125 0.1078125 0.23125
10 0.2125 0.1390625 0.0640625 0.1
9 0.3640625 0.2015625 0.23125 0.259375
19 0.315625 0.446875 0.1453125 0.0984375
19 0.4265625 0.5625 0.09375 0.1265625
17 0.1890625 0.5640625 0.0890625 0.0984375
9 0.1671875 0.428125 0.0828125 0.10625
9 0.815625 0.103125 0.11875 0.159375
15 0.821875 0.028125 0.10625 0.0546875
14 0.7140625 0.0625 0.0703125 0.125
9 0.7359375 0.1390625 0.0609375 0.084375
19 0.3453125 0.715625 0.146875 0.1265625
11 0.43125 0.34375 0.0609375 0.05
19 0.4359375 0.33125 0.1515625 0.0890625