14 0.2140625 0.121875 0.084375 0.10625
9 0.4734375 0.2515625 0.2734375 0.2953125
10 0.3125 0.1640625 0.06875 0.1171875
10 0.59375 0.5609375 0.1078125 0.2328125
19 0.559375 0.4046875 0.175 0.1296875
19 0.425 0.5421875 0.16875 0.1171875
18 0.2703125 0.63125 0.0875 0.096875
9 0.20625 0.4875 0.1625 0.1546875
1 0.1484375 0.3671875 0.046875 0.1078125
19 0.5625 0.7078125 0.1234375 0.1734375
19 0.4703125 0.909375 0.1859375 0.18125
18 0.3125 0.096875 0.0640625 0.0671875
11 0.5875 0.4671875 0.05625 0.053125
21 0.1984375 0.109375 0.075 0.0734375