9 0.853125 0.425 0.29375 0.24375
9 0.5734375 0.27734375 0.60625 0.3203125
10 0.47890625 0.52734375 0.196875 0.1984375
9 0.7859375 0.67421875 0.134375 0.109375
14 0.84375 0.7734375 0.1234375 0.1234375
12 0.8109375 0.684375 0.0609375 0.0625
15 0.7890625 0.85234375 0.0984375 0.0671875
9 0.74609375 0.79296875 0.14375 0.134375
17 0.61796875 0.79765625 0.046875 0.0421875
19 0.19140625 0.3296875 0.1625 0.178125
19 0.36171875 0.4296875 0.15625 0.1171875
9 0.615625 0.27578125 0.215625 0.228125
19 0.49375 0.3734375 0.1578125 0.1734375
17 0.87890625 0.26953125 0.084375 0.0953125
21 0.86875 0.81328125 0.0578125 0.0625
18 0.6546875 0.78203125 0.0515625 0.0640625
11 0.54453125 0.6015625 0.0640625 0.05625