14 0.9140625 0.26953125 0.1171875 0.0984375
9 0.75 0.50859375 0.33125 0.3125
10 0.85859375 0.3609375 0.125 0.084375
10 0.4265625 0.584375 0.2453125 0.1390625
19 0.5859375 0.571875 0.153125 0.190625
19 0.46875 0.41953125 0.1390625 0.1828125
18 0.40234375 0.25390625 0.1078125 0.1
9 0.553125 0.2109375 0.1765625 0.1828125
1 0.68046875 0.1703125 0.1140625 0.0609375
19 0.28515625 0.5328125 0.1890625 0.146875
19 0.1 0.4125 0.2 0.209375
18 0.925 0.3703125 0.075 0.0734375
11 0.5203125 0.59140625 0.0609375 0.0625
21 0.92890625 0.25546875 0.0828125 0.084375