1 0.609375 0.2046875 0.275 0.159375
1 0.60625 0.303125 0.2640625 0.1609375
1 0.5890625 0.4984375 0.228125 0.103125
1 0.596875 0.4171875 0.1859375 0.0515625
1 0.5796875 0.5765625 0.215625 0.10625
1 0.578125 0.640625 0.203125 0.0953125
1 0.5765625 0.7203125 0.190625 0.0953125
1 0.5796875 0.784375 0.190625 0.090625
1 0.5609375 0.8453125 0.1921875 0.059375
1 0.2546875 0.1984375 0.2296875 0.1109375
1 0.203125 0.3203125 0.2640625 0.1203125
1 0.215625 0.4265625 0.2671875 0.0953125
1 0.225 0.5203125 0.259375 0.078125
1 0.2375 0.596875 0.2296875 0.0828125
1 0.24375 0.665625 0.2328125 0.090625
1 0.2515625 0.7421875 0.209375 0.1015625
1 0.2484375 0.803125 0.1734375 0.0734375
1 0.2453125 0.8453125 0.1703125 0.059375