1 0.7953125 0.390625 0.159375 0.275
1 0.696875 0.39375 0.1609375 0.2640625
1 0.5015625 0.4109375 0.103125 0.228125
1 0.5828125 0.403125 0.0515625 0.1859375
1 0.4234375 0.4203125 0.10625 0.215625
1 0.359375 0.421875 0.0953125 0.203125
1 0.2796875 0.4234375 0.0953125 0.190625
1 0.215625 0.4203125 0.090625 0.190625
1 0.1546875 0.4390625 0.059375 0.1921875
1 0.8015625 0.7453125 0.1109375 0.2296875
1 0.6796875 0.796875 0.1203125 0.2640625
1 0.5734375 0.784375 0.0953125 0.2671875
1 0.4796875 0.775 0.078125 0.259375
1 0.403125 0.7625 0.0828125 0.2296875
1 0.334375 0.75625 0.090625 0.2328125
1 0.2578125 0.7484375 0.1015625 0.209375
1 0.196875 0.7515625 0.0734375 0.1734375
1 0.1546875 0.7546875 0.059375 0.1703125