10 0.5734375 0.45859375 0.24375 0.1390625
10 0.89765625 0.265625 0.1078125 0.078125
9 0.8140625 0.40703125 0.2890625 0.265625
19 0.578125 0.325 0.1171875 0.1578125
19 0.4484375 0.41875 0.1390625 0.1109375
17 0.4796875 0.1828125 0.109375 0.1015625
9 0.6171875 0.18046875 0.1171875 0.096875
9 0.84921875 0.86796875 0.175 0.1390625
15 0.92265625 0.884375 0.06875 0.1125
14 0.903125 0.77265625 0.1328125 0.0875
9 0.82421875 0.78359375 0.0921875 0.071875
19 0.3078125 0.3171875 0.1453125 0.1625
11 0.6640625 0.45390625 0.0578125 0.0671875
19 0.67578125 0.46015625 0.109375 0.1625