1 0.2546875 0.24453125 0.1609375 0.13125
10 0.49375 0.5796875 0.290625 0.175
10 0.06640625 0.4625 0.059375 0.05
14 0.04453125 0.39609375 0.0890625 0.0734375
9 0.1703125 0.5734375 0.340625 0.2875
9 0.3953125 0.2421875 0.184375 0.234375
17 0.5828125 0.3015625 0.109375 0.1015625
19 0.47421875 0.47734375 0.1125 0.1765625
19 0.65390625 0.53984375 0.1625 0.090625
19 0.84140625 0.3828125 0.171875 0.1921875
19 0.35234375 0.63984375 0.125 0.1890625
11 0.37890625 0.54296875 0.0546875 0.0640625
21 0.04296875 0.384375 0.0640625 0.065625