1 0.3625 0.59296875 0.159375 0.090625
10 0.24140625 0.3484375 0.13125 0.0578125
10 0.76328125 0.1875 0.271875 0.1390625
9 0.51171875 0.6125 0.240625 0.253125
17 0.75078125 0.540625 0.121875 0.121875
19 0.66171875 0.3546875 0.15625 0.1953125
19 0.89921875 0.26171875 0.1953125 0.1296875
9 0.3671875 0.23671875 0.303125 0.21875
19 0.56328125 0.20546875 0.1484375 0.1640625
14 0.178125 0.42734375 0.11875 0.0875
11 0.6640625 0.159375 0.0703125 0.0765625
12 0.1609375 0.3328125 0.0671875 0.0875
21 0.17265625 0.43671875 0.09375 0.0609375
21 0.09375 0.79296875 0.053125 0.034375