10 0.3109375 0.45390625 0.23125 0.19375
19 0.37890625 0.2890625 0.14375 0.1515625
9 0.3578125 0.19765625 0.228125 0.1421875
19 0.46015625 0.38828125 0.184375 0.1171875
19 0.44453125 0.41953125 0.140625 0.1171875
19 0.4375 0.52265625 0.11875 0.15
15 0.02734375 0.28828125 0.0546875 0.1078125
9 0.184375 0.24921875 0.134375 0.146875
14 0.08828125 0.2453125 0.1453125 0.10625
12 0.1515625 0.22890625 0.0765625 0.084375
9 0.08984375 0.3140625 0.1484375 0.1390625
19 0.5375 0.63125 0.1546875 0.1390625
11 0.23203125 0.41171875 0.0921875 0.0875